{"id":"damped_wave","name":"Damped Wave (2+1D)","known":true,"pde_latex":"u_{tt} + u_t - c^2(u_{xx}+u_{yy}) = 0,\\quad c=0.8","domain_latex":"(x,y)\\in[-8,8]^2,\\; t\\in[0,4],\\quad 32^3\\text{ grid}","ansatz_latex":"u(x,y,t) = a\\,\\psi(x,y,t)\\,T(t)","solution_latex":"u_{\\text{SIGS}}(x,y,t) = \\cos\\!\\Bigl(0.5\\sqrt{(x+5)^2+(y-5)^2} - 0.4\\,t\\Bigr)\\,e^{-0.45t}","true_latex":"u_{\\text{true}} = e^{-\\alpha t}\\cos\\!\\bigl(\\omega t - K\\,R(x,y)\\bigr),\\; R=\\sqrt{(hx+1)^2+(hy-1)^2},\\; h=0.2,K=2.5","figure":"/assets/damped_wave-1.png","figure_caption":"Snapshots of the outgoing damped wave at t\u2208{0.5,1.0,2.0}. SIGS recovers the radial wave structure and exponential decay.","metrics":{"Rel. L\u00b2 error":"1.22\u00d710\u207b\u00b9\u00b3","Wall-clock (s)":8.95},"baseline":[{"method":"SIGS","error":"1.22\u00d710\u207b\u00b9\u00b3","time_sec":8.95},{"method":"HD-TLGP (P1)","error":"423.30%","time_sec":5319.5},{"method":"HD-TLGP (P2)","error":"178.77%","time_sec":2227.7},{"method":"SSDE","error":"1.19\u00d710\u00b3%","time_sec":379.17},{"method":"PINNs","error":"5.56%","time_sec":29.5},{"method":"FEniCS","error":"2.28\u00d710\u207b\u00b2%","time_sec":3.35}],"plots":{"type":"heatmap","time_animation":true,"x":[-8,-7,-6,-5,-4,-3,-2,-1,0,1,2,3,4,5,6,7,8],"y":[-8,-7,-6,-5,-4,-3,-2,-1,0,1,2,3,4,5,6,7,8],"fields":[{"label":"t = 0.0","z":[[0.9258,0.9573,0.97228,0.97659,0.97228,0.9573,0.9258,0.86903,0.77694,0.64044,0.45429,0.22,-0.05169,-0.33973,-0.61368,-0.83708,-0.97312],[0.99515,0.97998,0.96577,0.96017,0.96577,0.97998,0.99515,0.99914,0.97659,0.91103,0.78813,0.5995,0.34664,0.04372,-0.28157,-0.59019,-0.83708],[0.8352,0.76932,0.72449,0.70867,0.72449,0.76932,0.8352,0.90862,0.97094,0.99983,0.97228,0.86903,0.67991,0.40863,0.07573,-0.28157,-0.61368],[0.48622,0.37707,0.30748,0.28366,0.30748,0.37707,0.48622,0.62316,0.76932,0.89947,0.98386,0.99282,0.9032,0.70535,0.40863,0.04372,-0.33973],[0.03102,-0.10244,-0.18365,-0.2108,-0.18365,-0.10244,0.03102,0.21045,0.4218,0.64111,0.8352,0.96577,0.99674,0.9032,0.67991,0.34664,-0.05169],[-0.42629,-0.55577,-0.62977,-0.65364,-0.62977,-0.55577,-0.42629,-0.23795,0.0046,0.28366,0.56686,0.81018,0.96577,0.99282,0.86903,0.5995,0.22],[-0.78612,-0.87832,-0.9234,-0.93646,-0.9234,-0.87832,-0.78612,-0.62977,-0.39973,-0.10244,0.23514,0.56686,0.8352,0.98386,0.97228,0.78813,0.45429],[-0.9775,-0.99979,-0.99498,-0.98999,-0.99498,-0.99979,-0.9775,-0.89429,-0.7224,-0.45266,-0.10244,0.28366,0.64111,0.89947,0.99983,0.91103,0.64044],[-0.97454,-0.90088,-0.82978,-0.80114,-0.82978,-0.90088,-0.97454,-0.9982,-0.9234,-0.7224,-0.39973,0.0046,0.4218,0.76932,0.97094,0.97659,0.77694],[-0.80114,-0.61727,-0.47129,-0.41615,-0.47129,-0.61727,-0.80114,-0.95136,-0.9982,-0.89429,-0.62977,-0.23795,0.21045,0.62316,0.90862,0.99914,0.86903],[-0.52313,-0.2299,-0.01034,0.07074,-0.01034,-0.2299,-0.52313,-0.80114,-0.97454,-0.9775,-0.78612,-0.42629,0.03102,0.48622,0.8352,0.99515,0.9258],[-0.2299,0.15594,0.43745,0.5403,0.43745,0.15594,-0.2299,-0.61727,-0.90088,-0.99979,-0.87832,-0.55577,-0.10244,0.37707,0.76932,0.97998,0.9573],[-0.01034,0.43745,0.76024,0.87758,0.76024,0.43745,-0.01034,-0.47129,-0.82978,-0.99498,-0.9234,-0.62977,-0.18365,0.30748,0.72449,0.96577,0.97228],[0.07074,0.5403,0.87758,1.0,0.87758,0.5403,0.07074,-0.41615,-0.80114,-0.98999,-0.93646,-0.65364,-0.2108,0.28366,0.70867,0.96017,0.97659],[-0.01034,0.43745,0.76024,0.87758,0.76024,0.43745,-0.01034,-0.47129,-0.82978,-0.99498,-0.9234,-0.62977,-0.18365,0.30748,0.72449,0.96577,0.97228],[-0.2299,0.15594,0.43745,0.5403,0.43745,0.15594,-0.2299,-0.61727,-0.90088,-0.99979,-0.87832,-0.55577,-0.10244,0.37707,0.76932,0.97998,0.9573],[-0.52313,-0.2299,-0.01034,0.07074,-0.01034,-0.2299,-0.52313,-0.80114,-0.97454,-0.9775,-0.78612,-0.42629,0.03102,0.48622,0.8352,0.99515,0.9258]]},{"label":"t = 0.2","z":[[0.87102,0.89322,0.90283,0.90539,0.90283,0.89322,0.87102,0.82783,0.75378,0.63954,0.47892,0.27167,0.02585,-0.2408,-0.5014,-0.72263,-0.8697],[0.89941,0.87823,0.86088,0.85432,0.86088,0.87823,0.89941,0.91325,0.90539,0.86007,0.76294,0.60461,0.3843,0.11279,-0.18643,-0.47871,-0.72263],[0.7207,0.6542,0.60967,0.59407,0.60967,0.6542,0.7207,0.79726,0.86706,0.90953,0.90283,0.82783,0.67296,0.43892,0.14182,-0.18643,-0.5014],[0.37913,0.27587,0.21062,0.18838,0.21062,0.27587,0.37913,0.51058,0.6542,0.78751,0.88324,0.9132,0.85417,0.69435,0.43892,0.11279,-0.2408],[-0.04474,-0.16597,-0.2391,-0.26343,-0.2391,-0.16597,-0.04474,0.12033,0.31804,0.528,0.7207,0.86088,0.91393,0.85417,0.67296,0.3843,0.02585],[-0.45442,-0.56702,-0.63046,-0.65075,-0.63046,-0.56702,-0.45442,-0.28771,-0.06884,0.18838,0.45624,0.69527,0.86088,0.9132,0.82783,0.60461,0.27167],[-0.7613,-0.83507,-0.86926,-0.87874,-0.86926,-0.83507,-0.7613,-0.63046,-0.43111,-0.16597,0.14322,0.45624,0.7207,0.88324,0.90283,0.76294,0.47892],[-0.90592,-0.91232,-0.89913,-0.89158,-0.89913,-0.91232,-0.90592,-0.84739,-0.70861,-0.4775,-0.16597,0.18838,0.528,0.78751,0.90953,0.86007,0.63954],[-0.87144,-0.789,-0.71518,-0.68614,-0.71518,-0.789,-0.87144,-0.91375,-0.86926,-0.70861,-0.43111,-0.06884,0.31804,0.6542,0.86706,0.90539,0.75378],[-0.68614,-0.50488,-0.36494,-0.3127,-0.36494,-0.50488,-0.68614,-0.8442,-0.91375,-0.84739,-0.63046,-0.28771,0.12033,0.51058,0.79726,0.91325,0.82783],[-0.41433,-0.13836,0.06361,0.1373,0.06361,-0.13836,-0.41433,-0.68614,-0.87144,-0.90592,-0.7613,-0.45442,-0.04474,0.37913,0.7207,0.89941,0.87102],[-0.13836,0.21421,0.4642,0.55368,0.4642,0.21421,-0.13836,-0.50488,-0.789,-0.91232,-0.83507,-0.56702,-0.16597,0.27587,0.6542,0.87823,0.89322],[0.06361,0.4642,0.74004,0.8345,0.74004,0.4642,0.06361,-0.36494,-0.71518,-0.89913,-0.86926,-0.63046,-0.2391,0.21062,0.60967,0.86088,0.90283],[0.1373,0.55368,0.8345,0.91101,0.8345,0.55368,0.1373,-0.3127,-0.68614,-0.89158,-0.87874,-0.65075,-0.26343,0.18838,0.59407,0.85432,0.90539],[0.06361,0.4642,0.74004,0.8345,0.74004,0.4642,0.06361,-0.36494,-0.71518,-0.89913,-0.86926,-0.63046,-0.2391,0.21062,0.60967,0.86088,0.90283],[-0.13836,0.21421,0.4642,0.55368,0.4642,0.21421,-0.13836,-0.50488,-0.789,-0.91232,-0.83507,-0.56702,-0.16597,0.27587,0.6542,0.87823,0.89322],[-0.41433,-0.13836,0.06361,0.1373,0.06361,-0.13836,-0.41433,-0.68614,-0.87144,-0.90592,-0.7613,-0.45442,-0.04474,0.37913,0.7207,0.89941,0.87102]]},{"label":"t = 0.4","z":[[0.81372,0.82786,0.83286,0.83392,0.83286,0.82786,0.81372,0.78245,0.72444,0.63031,0.49315,0.31122,0.09027,-0.15498,-0.40097,-0.61745,-0.77179],[0.80751,0.7816,0.76186,0.75458,0.76186,0.7816,0.80751,0.8294,0.83392,0.80611,0.7318,0.60086,0.41066,0.169,-0.10449,-0.37925,-0.61745],[0.61552,0.54937,0.50569,0.49048,0.50569,0.54937,0.61552,0.69367,0.76879,0.82204,0.83286,0.78245,0.65824,0.45841,0.19514,-0.10449,-0.40097],[0.28466,0.18768,0.12693,0.1063,0.12693,0.18768,0.28466,0.40978,0.54937,0.68356,0.78748,0.8346,0.8019,0.67596,0.45841,0.169,-0.15498],[-0.10743,-0.21684,-0.28225,-0.30391,-0.28225,-0.21684,-0.10743,0.04345,0.22716,0.42653,0.61552,0.76186,0.83265,0.8019,0.65824,0.41066,0.09027],[-0.4719,-0.56891,-0.62268,-0.63971,-0.62268,-0.56891,-0.4719,-0.32546,-0.12928,0.1063,0.3578,0.59007,0.76186,0.8346,0.78245,0.60086,0.31122],[-0.73048,-0.78788,-0.81252,-0.81888,-0.81252,-0.78788,-0.73048,-0.62268,-0.4516,-0.21684,0.06455,0.3578,0.61552,0.78748,0.83286,0.7318,0.49315],[-0.83412,-0.82718,-0.80715,-0.79757,-0.80715,-0.82718,-0.83412,-0.79698,-0.68771,-0.49193,-0.21684,0.1063,0.42653,0.68356,0.82204,0.80611,0.63031],[-0.77378,-0.6851,-0.60997,-0.58098,-0.60997,-0.6851,-0.77378,-0.83109,-0.81252,-0.68771,-0.4516,-0.12928,0.22716,0.54937,0.76879,0.83392,0.72444],[-0.58098,-0.40431,-0.27126,-0.22215,-0.27126,-0.40431,-0.58098,-0.7435,-0.83109,-0.79698,-0.62268,-0.32546,0.04345,0.40978,0.69367,0.8294,0.78245],[-0.31796,-0.06007,0.12454,0.19107,0.12454,-0.06007,-0.31796,-0.58098,-0.77378,-0.83412,-0.73048,-0.4719,-0.10743,0.28466,0.61552,0.80751,0.81372],[-0.06007,0.26004,0.48039,0.55751,0.48039,0.26004,-0.06007,-0.40431,-0.6851,-0.82718,-0.78788,-0.56891,-0.21684,0.18768,0.54937,0.7816,0.82786],[0.12454,0.48039,0.71335,0.78745,0.71335,0.48039,0.12454,-0.27126,-0.60997,-0.80715,-0.81252,-0.62268,-0.28225,0.12693,0.50569,0.76186,0.83286],[0.19107,0.55751,0.78745,0.8246,0.78745,0.55751,0.19107,-0.22215,-0.58098,-0.79757,-0.81888,-0.63971,-0.30391,0.1063,0.49048,0.75458,0.83392],[0.12454,0.48039,0.71335,0.78745,0.71335,0.48039,0.12454,-0.27126,-0.60997,-0.80715,-0.81252,-0.62268,-0.28225,0.12693,0.50569,0.76186,0.83286],[-0.06007,0.26004,0.48039,0.55751,0.48039,0.26004,-0.06007,-0.40431,-0.6851,-0.82718,-0.78788,-0.56891,-0.21684,0.18768,0.54937,0.7816,0.82786],[-0.31796,-0.06007,0.12454,0.19107,0.12454,-0.06007,-0.31796,-0.58098,-0.77378,-0.83412,-0.73048,-0.4719,-0.10743,0.28466,0.61552,0.80751,0.81372]]},{"label":"t = 0.6","z":[[0.75507,0.7623,0.76337,0.76317,0.76337,0.7623,0.75507,0.73416,0.69034,0.61425,0.4985,0.34014,0.14289,-0.08124,-0.31177,-0.52142,-0.67978],[0.72005,0.69053,0.66905,0.66126,0.66905,0.69053,0.72005,0.74837,0.76317,0.75035,0.69608,0.58976,0.42724,0.2137,-0.03467,-0.29115,-0.52142],[0.5195,0.45453,0.41213,0.39745,0.41213,0.45453,0.5195,0.59796,0.67653,0.73807,0.76337,0.73416,0.63722,0.46861,0.23709,-0.03467,-0.31177],[0.20197,0.11153,0.05533,0.03633,0.05533,0.11153,0.20197,0.32016,0.45453,0.58767,0.69706,0.75788,0.74761,0.65164,0.46861,0.2137,-0.08124],[-0.15837,-0.25646,-0.31455,-0.33368,-0.31455,-0.25646,-0.15837,-0.02134,0.14824,0.33612,0.5195,0.66905,0.75372,0.74761,0.63722,0.42724,0.14289],[-0.48024,-0.56295,-0.60793,-0.622,-0.60793,-0.56295,-0.48024,-0.35268,-0.17804,0.03633,0.27084,0.49438,0.66905,0.75788,0.73416,0.58976,0.34014],[-0.69506,-0.73802,-0.75435,-0.75803,-0.75435,-0.73802,-0.69506,-0.60793,-0.46273,-0.25646,-0.00202,0.27084,0.5195,0.69706,0.76337,0.69608,0.4985],[-0.76309,-0.74509,-0.71963,-0.70847,-0.71963,-0.74509,-0.76309,-0.74431,-0.66113,-0.49745,-0.25646,0.03633,0.33612,0.58767,0.73807,0.75035,0.61425],[-0.68194,-0.58923,-0.51401,-0.48545,-0.51401,-0.58923,-0.68194,-0.75104,-0.75435,-0.66113,-0.46273,-0.17804,0.14824,0.45453,0.67653,0.76317,0.69034],[-0.48545,-0.31495,-0.18942,-0.14357,-0.18942,-0.31495,-0.48545,-0.64953,-0.75104,-0.74431,-0.60793,-0.35268,-0.02134,0.32016,0.59796,0.74837,0.73416],[-0.23326,0.00612,0.17378,0.23345,0.17378,0.00612,-0.23326,-0.48545,-0.68194,-0.76309,-0.69506,-0.48024,-0.15837,0.20197,0.5195,0.72005,0.75507],[0.00612,0.29487,0.48754,0.55332,0.48754,0.29487,0.00612,-0.31495,-0.58923,-0.74509,-0.73802,-0.56295,-0.25646,0.11153,0.45453,0.69053,0.7623],[0.17378,0.48754,0.6816,0.73772,0.6816,0.48754,0.17378,-0.18942,-0.51401,-0.71963,-0.75435,-0.60793,-0.31455,0.05533,0.41213,0.66905,0.76337],[0.23345,0.55332,0.73772,0.7415,0.73772,0.55332,0.23345,-0.14357,-0.48545,-0.70847,-0.75803,-0.622,-0.33368,0.03633,0.39745,0.66126,0.76317],[0.17378,0.48754,0.6816,0.73772,0.6816,0.48754,0.17378,-0.18942,-0.51401,-0.71963,-0.75435,-0.60793,-0.31455,0.05533,0.41213,0.66905,0.76337],[0.00612,0.29487,0.48754,0.55332,0.48754,0.29487,0.00612,-0.31495,-0.58923,-0.74509,-0.73802,-0.56295,-0.25646,0.11153,0.45453,0.69053,0.7623],[-0.23326,0.00612,0.17378,0.23345,0.17378,0.00612,-0.23326,-0.48545,-0.68194,-0.76309,-0.69506,-0.48024,-0.15837,0.20197,0.5195,0.72005,0.75507]]},{"label":"t = 0.8","z":[[0.69608,0.69743,0.69522,0.69397,0.69522,0.69743,0.69608,0.68411,0.6527,0.59269,0.49637,0.35978,0.18494,-0.01858,-0.23313,-0.4343,-0.59391],[0.63746,0.60531,0.58267,0.57456,0.58267,0.60531,0.63746,0.67077,0.69397,0.69383,0.65703,0.57268,0.43542,0.24821,0.02411,-0.2137,-0.4343],[0.43242,0.36928,0.32852,0.31448,0.32852,0.36928,0.43242,0.51008,0.59049,0.65815,0.69522,0.68411,0.61121,0.47092,0.26899,0.02411,-0.23313],[0.13023,0.04645,-0.0052,-0.02259,-0.0052,0.04645,0.13023,0.24105,0.36928,0.49978,0.6123,0.68376,0.69235,0.62269,0.47092,0.24821,-0.01858],[-0.19882,-0.28615,-0.33736,-0.35414,-0.33736,-0.28615,-0.19882,-0.07517,0.08035,0.25615,0.43242,0.58267,0.67781,0.69235,0.61121,0.43542,0.18494],[-0.48084,-0.55051,-0.58755,-0.59897,-0.58755,-0.55051,-0.48084,-0.37075,-0.21642,-0.02259,0.19461,0.40791,0.58267,0.68376,0.68411,0.57268,0.35978],[-0.65626,-0.6866,-0.69577,-0.69716,-0.69577,-0.6866,-0.65626,-0.58755,-0.4659,-0.28615,-0.05759,0.19461,0.43242,0.6123,0.69522,0.65703,0.49637],[-0.69365,-0.66666,-0.63698,-0.62466,-0.63698,-0.66666,-0.69365,-0.69046,-0.63017,-0.49547,-0.28615,-0.02259,0.25615,0.49978,0.65815,0.69383,0.59269],[-0.5962,-0.50135,-0.42705,-0.39922,-0.42705,-0.50135,-0.5962,-0.67422,-0.69577,-0.63017,-0.4659,-0.21642,0.08035,0.36928,0.59049,0.69397,0.6527],[-0.39922,-0.23613,-0.11855,-0.07604,-0.11855,-0.23613,-0.39922,-0.56244,-0.67422,-0.69046,-0.58755,-0.37075,-0.07517,0.24105,0.51008,0.67077,0.68411],[-0.15941,0.06133,0.2126,0.26576,0.2126,0.06133,-0.15941,-0.39922,-0.5962,-0.69365,-0.65626,-0.48084,-0.19882,0.13023,0.43242,0.63746,0.69608],[0.06133,0.32006,0.48706,0.54249,0.48706,0.32006,0.06133,-0.23613,-0.50135,-0.66666,-0.6866,-0.55051,-0.28615,0.04645,0.36928,0.60531,0.69743],[0.2126,0.48706,0.64605,0.6864,0.64605,0.48706,0.2126,-0.11855,-0.42705,-0.63698,-0.69577,-0.58755,-0.33736,-0.0052,0.32852,0.58267,0.69522],[0.26576,0.54249,0.6864,0.66226,0.6864,0.54249,0.26576,-0.07604,-0.39922,-0.62466,-0.69716,-0.59897,-0.35414,-0.02259,0.31448,0.57456,0.69397],[0.2126,0.48706,0.64605,0.6864,0.64605,0.48706,0.2126,-0.11855,-0.42705,-0.63698,-0.69577,-0.58755,-0.33736,-0.0052,0.32852,0.58267,0.69522],[0.06133,0.32006,0.48706,0.54249,0.48706,0.32006,0.06133,-0.23613,-0.50135,-0.66666,-0.6866,-0.55051,-0.28615,0.04645,0.36928,0.60531,0.69743],[-0.15941,0.06133,0.2126,0.26576,0.2126,0.06133,-0.15941,-0.39922,-0.5962,-0.69365,-0.65626,-0.48084,-0.19882,0.13023,0.43242,0.63746,0.69608]]},{"label":"t = 1.0","z":[[0.63758,0.634,0.62907,0.62696,0.62907,0.634,0.63758,0.63323,0.61262,0.56683,0.488,0.37142,0.21762,0.03402,-0.16436,-0.35577,-0.51432],[0.56002,0.5261,0.50279,0.49452,0.50279,0.5261,0.56002,0.59706,0.62696,0.63743,0.6157,0.55082,0.43649,0.27374,0.07289,-0.14617,-0.35577],[0.35395,0.29319,0.25433,0.24101,0.25433,0.29319,0.35395,0.42993,0.51081,0.58268,0.62907,0.63323,0.58139,0.46661,0.29207,0.07289,-0.16436],[0.06858,-0.00852,-0.05569,-0.07151,-0.05569,-0.00852,0.06858,0.17178,0.29319,0.41975,0.53338,0.61279,0.63702,0.59026,0.46661,0.27374,0.03402],[-0.22997,-0.30716,-0.35194,-0.36652,-0.35194,-0.30716,-0.22997,-0.11914,0.02258,0.18596,0.35395,0.50279,0.60541,0.63702,0.58139,0.43649,0.21762],[-0.47497,-0.53282,-0.56274,-0.5718,-0.56274,-0.53282,-0.47497,-0.38092,-0.2456,-0.07151,0.12835,0.33027,0.50279,0.61279,0.63323,0.55082,0.37142],[-0.61515,-0.63454,-0.63762,-0.63708,-0.63762,-0.63454,-0.61515,-0.56274,-0.46236,-0.30716,-0.10325,0.12835,0.35395,0.53338,0.62907,0.6157,0.488],[-0.62645,-0.5923,-0.55951,-0.54638,-0.55951,-0.5923,-0.62645,-0.63632,-0.59596,-0.48725,-0.30716,-0.07151,0.18596,0.41975,0.58268,0.63743,0.56683],[-0.51668,-0.4213,-0.34875,-0.3219,-0.34875,-0.4213,-0.51668,-0.60112,-0.63762,-0.59596,-0.46236,-0.2456,0.02258,0.29319,0.51081,0.62696,0.61262],[-0.3219,-0.16717,-0.05779,-0.01862,-0.05779,-0.16717,-0.3219,-0.48223,-0.60112,-0.63632,-0.56274,-0.38092,-0.11914,0.17178,0.42993,0.59706,0.63323],[-0.09562,0.10663,0.24222,0.28923,0.24222,0.10663,-0.09562,-0.3219,-0.51668,-0.62645,-0.61515,-0.47497,-0.22997,0.06858,0.35395,0.56002,0.63758],[0.10663,0.33685,0.4802,0.52626,0.4802,0.33685,0.10663,-0.16717,-0.4213,-0.5923,-0.63454,-0.53282,-0.30716,-0.00852,0.29319,0.5261,0.634],[0.24222,0.4802,0.60779,0.63444,0.60779,0.4802,0.24222,-0.05779,-0.34875,-0.55951,-0.63762,-0.56274,-0.35194,-0.05569,0.25433,0.50279,0.62907],[0.28923,0.52626,0.63444,0.58729,0.63444,0.52626,0.28923,-0.01862,-0.3219,-0.54638,-0.63708,-0.5718,-0.36652,-0.07151,0.24101,0.49452,0.62696],[0.24222,0.4802,0.60779,0.63444,0.60779,0.4802,0.24222,-0.05779,-0.34875,-0.55951,-0.63762,-0.56274,-0.35194,-0.05569,0.25433,0.50279,0.62907],[0.10663,0.33685,0.4802,0.52626,0.4802,0.33685,0.10663,-0.16717,-0.4213,-0.5923,-0.63454,-0.53282,-0.30716,-0.00852,0.29319,0.5261,0.634],[-0.09562,0.10663,0.24222,0.28923,0.24222,0.10663,-0.09562,-0.3219,-0.51668,-0.62645,-0.61515,-0.47497,-0.22997,0.06858,0.35395,0.56002,0.63758]]},{"label":"t = 1.2","z":[[0.58026,0.57262,0.56549,0.56268,0.56549,0.57262,0.58026,0.58234,0.57101,0.53771,0.47455,0.37622,0.24202,0.07749,-0.10474,-0.28546,-0.44103],[0.48792,0.45297,0.4294,0.42112,0.4294,0.45297,0.48792,0.52758,0.56268,0.58187,0.57301,0.52526,0.43159,0.29144,0.11267,-0.08783,-0.28546],[0.28372,0.22574,0.189,0.17645,0.189,0.22574,0.28372,0.35727,0.43747,0.51191,0.56549,0.58234,0.54877,0.45683,0.30747,0.11267,-0.10474],[0.01618,-0.05433,-0.09713,-0.11142,-0.09713,-0.05433,0.01618,0.11165,0.22574,0.34734,0.4604,0.54538,0.58236,0.55535,0.45683,0.29144,0.07749],[-0.25294,-0.32063,-0.35945,-0.37201,-0.35945,-0.32063,-0.25294,-0.15429,-0.02597,0.12486,0.28372,0.4294,0.53692,0.58236,0.54877,0.43159,0.24202],[-0.46377,-0.51099,-0.53456,-0.54152,-0.53456,-0.51099,-0.46377,-0.38437,-0.26672,-0.11142,0.07131,0.26104,0.4294,0.54538,0.58234,0.52526,0.37622],[-0.57267,-0.58265,-0.58059,-0.57845,-0.58059,-0.58265,-0.57267,-0.53456,-0.45329,-0.32063,-0.14002,0.07131,0.28372,0.4604,0.56549,0.57301,0.47455],[-0.56202,-0.52235,-0.48738,-0.47375,-0.48738,-0.52235,-0.56202,-0.58267,-0.55948,-0.47393,-0.32063,-0.11142,0.12486,0.34734,0.51191,0.58187,0.53771],[-0.44341,-0.34885,-0.27873,-0.25306,-0.27873,-0.34885,-0.44341,-0.53209,-0.58059,-0.55948,-0.45329,-0.26672,-0.02597,0.22574,0.43747,0.56268,0.57101],[-0.25306,-0.10735,-0.00627,0.02959,-0.00627,-0.10735,-0.25306,-0.40885,-0.53209,-0.58267,-0.53456,-0.38437,-0.15429,0.11165,0.35727,0.52758,0.58234],[-0.04106,0.14306,0.26374,0.30499,0.26374,0.14306,-0.04106,-0.25306,-0.44341,-0.56202,-0.57267,-0.46377,-0.25294,0.01618,0.28372,0.48792,0.58026],[0.14306,0.34642,0.4681,0.50572,0.4681,0.34642,0.14306,-0.10735,-0.34885,-0.52235,-0.58265,-0.51099,-0.32063,-0.05433,0.22574,0.45297,0.57262],[0.26374,0.4681,0.56778,0.58263,0.56778,0.4681,0.26374,-0.00627,-0.27873,-0.48738,-0.58059,-0.53456,-0.35945,-0.09713,0.189,0.4294,0.56549],[0.30499,0.50572,0.58263,0.51689,0.58263,0.50572,0.30499,0.02959,-0.25306,-0.47375,-0.57845,-0.54152,-0.37201,-0.11142,0.17645,0.42112,0.56268],[0.26374,0.4681,0.56778,0.58263,0.56778,0.4681,0.26374,-0.00627,-0.27873,-0.48738,-0.58059,-0.53456,-0.35945,-0.09713,0.189,0.4294,0.56549],[0.14306,0.34642,0.4681,0.50572,0.4681,0.34642,0.14306,-0.10735,-0.34885,-0.52235,-0.58265,-0.51099,-0.32063,-0.05433,0.22574,0.45297,0.57262],[-0.04106,0.14306,0.26374,0.30499,0.26374,0.14306,-0.04106,-0.25306,-0.44341,-0.56202,-0.57267,-0.46377,-0.25294,0.01618,0.28372,0.48792,0.58026]]},{"label":"t = 1.4","z":[[0.5247,0.51376,0.50488,0.50154,0.50488,0.51376,0.5247,0.53211,0.5287,0.50627,0.45702,0.37525,0.2592,0.11278,-0.05355,-0.22295,-0.37396],[0.42122,0.38589,0.36241,0.35422,0.36241,0.38589,0.42122,0.46256,0.50154,0.52775,0.52977,0.49695,0.42178,0.30236,0.1444,-0.03794,-0.22295],[0.22129,0.16641,0.13192,0.12018,0.13192,0.16641,0.22129,0.29186,0.37042,0.44602,0.50488,0.53211,0.51426,0.4426,0.31627,0.1444,-0.05355],[-0.02781,-0.09187,-0.13045,-0.14328,-0.13045,-0.09187,-0.02781,0.05994,0.16641,0.28226,0.39334,0.48185,0.52899,0.51882,0.4426,0.30236,0.11278],[-0.26877,-0.32764,-0.36096,-0.37167,-0.36096,-0.32764,-0.26877,-0.1816,-0.06618,0.07218,0.22129,0.36241,0.4726,0.52899,0.51426,0.42178,0.2592],[-0.44827,-0.48597,-0.50393,-0.50905,-0.50393,-0.48597,-0.44827,-0.38215,-0.28083,-0.14328,0.02273,0.19976,0.36241,0.48185,0.53211,0.49695,0.37525],[-0.52959,-0.53158,-0.52527,-0.52181,-0.52527,-0.53158,-0.52959,-0.50393,-0.4397,-0.32764,-0.16887,0.02273,0.22129,0.39334,0.50488,0.52977,0.45702],[-0.50076,-0.457,-0.42067,-0.4068,-0.42067,-0.457,-0.50076,-0.53014,-0.5216,-0.45652,-0.32764,-0.14328,0.07218,0.28226,0.44602,0.52775,0.50627],[-0.37633,-0.28371,-0.21654,-0.1922,-0.21654,-0.28371,-0.37633,-0.46739,-0.52527,-0.5216,-0.4397,-0.28083,-0.06618,0.16641,0.37042,0.50154,0.5287],[-0.1922,-0.05596,0.03685,0.06946,0.03685,-0.05596,-0.1922,-0.34214,-0.46739,-0.53014,-0.50393,-0.38215,-0.1816,0.05994,0.29186,0.46256,0.53211],[0.00505,0.17159,0.27822,0.31412,0.27822,0.17159,0.00505,-0.1922,-0.37633,-0.50076,-0.52959,-0.44827,-0.26877,-0.02781,0.22129,0.42122,0.5247],[0.17159,0.34981,0.4518,0.48186,0.4518,0.34981,0.17159,-0.05596,-0.28371,-0.457,-0.53158,-0.48597,-0.32764,-0.09187,0.16641,0.38589,0.51376],[0.27822,0.4518,0.52684,0.53163,0.52684,0.4518,0.27822,0.03685,-0.21654,-0.42067,-0.52527,-0.50393,-0.36096,-0.13045,0.13192,0.36241,0.50488],[0.31412,0.48186,0.53163,0.45124,0.53163,0.48186,0.31412,0.06946,-0.1922,-0.4068,-0.52181,-0.50905,-0.37167,-0.14328,0.12018,0.35422,0.50154],[0.27822,0.4518,0.52684,0.53163,0.52684,0.4518,0.27822,0.03685,-0.21654,-0.42067,-0.52527,-0.50393,-0.36096,-0.13045,0.13192,0.36241,0.50488],[0.17159,0.34981,0.4518,0.48186,0.4518,0.34981,0.17159,-0.05596,-0.28371,-0.457,-0.53158,-0.48597,-0.32764,-0.09187,0.16641,0.38589,0.51376],[0.00505,0.17159,0.27822,0.31412,0.27822,0.17159,0.00505,-0.1922,-0.37633,-0.50076,-0.52959,-0.44827,-0.26877,-0.02781,0.22129,0.42122,0.5247]]},{"label":"t = 1.6","z":[[0.47134,0.45779,0.44757,0.44381,0.44757,0.45779,0.47134,0.48311,0.48634,0.47329,0.43632,0.36946,0.27012,0.14076,-0.01008,-0.16778,-0.31298],[0.35993,0.32474,0.30166,0.29365,0.30166,0.32474,0.35993,0.40211,0.44381,0.47555,0.48662,0.46672,0.408,0.30748,0.16899,0.00423,-0.16778],[0.16621,0.11465,0.08249,0.07159,0.08249,0.11465,0.16621,0.23334,0.30951,0.38507,0.44757,0.48311,0.47861,0.42485,0.31942,0.16899,-0.01008],[-0.06418,-0.12201,-0.15655,-0.168,-0.15655,-0.12201,-0.06418,0.01595,0.11465,0.22415,0.33211,0.4224,0.4774,0.48144,0.42485,0.30748,0.14076],[-0.27843,-0.32915,-0.35744,-0.36645,-0.35744,-0.32915,-0.27843,-0.20201,-0.09888,0.02721,0.16621,0.30166,0.4126,0.4774,0.47861,0.408,0.27012],[-0.42938,-0.45864,-0.47168,-0.47519,-0.47168,-0.45864,-0.42938,-0.37524,-0.28889,-0.168,-0.01816,0.14592,0.30166,0.4224,0.48311,0.46672,0.36946],[-0.48658,-0.48188,-0.47209,-0.46758,-0.47209,-0.48188,-0.48658,-0.47168,-0.42252,-0.32915,-0.19073,-0.01816,0.16621,0.33211,0.44757,0.48662,0.43632],[-0.44295,-0.39635,-0.35938,-0.34549,-0.35938,-0.39635,-0.44295,-0.47923,-0.48304,-0.43593,-0.32915,-0.168,0.02721,0.22415,0.38507,0.47555,0.47329],[-0.31531,-0.22554,-0.16174,-0.13882,-0.16174,-0.22554,-0.31531,-0.40714,-0.47209,-0.48304,-0.42252,-0.28889,-0.09888,0.11465,0.30951,0.44381,0.48634],[-0.13882,-0.0123,0.07238,0.10185,0.07238,-0.0123,-0.13882,-0.28188,-0.40714,-0.47923,-0.47168,-0.37524,-0.20201,0.01595,0.23334,0.40211,0.48311],[0.04349,0.19314,0.28663,0.31758,0.28663,0.19314,0.04349,-0.13882,-0.31531,-0.44295,-0.48658,-0.42938,-0.27843,-0.06418,0.16621,0.35993,0.47134],[0.19314,0.34801,0.43219,0.45555,0.43219,0.34801,0.19314,-0.0123,-0.22554,-0.39635,-0.48188,-0.45864,-0.32915,-0.12201,0.11465,0.32474,0.45779],[0.28663,0.43219,0.48566,0.48199,0.48566,0.43219,0.28663,0.07238,-0.16174,-0.35938,-0.47209,-0.47168,-0.35744,-0.15655,0.08249,0.30166,0.44757],[0.31758,0.45555,0.48199,0.39042,0.48199,0.45555,0.31758,0.10185,-0.13882,-0.34549,-0.46758,-0.47519,-0.36645,-0.168,0.07159,0.29365,0.44381],[0.28663,0.43219,0.48566,0.48199,0.48566,0.43219,0.28663,0.07238,-0.16174,-0.35938,-0.47209,-0.47168,-0.35744,-0.15655,0.08249,0.30166,0.44757],[0.19314,0.34801,0.43219,0.45555,0.43219,0.34801,0.19314,-0.0123,-0.22554,-0.39635,-0.48188,-0.45864,-0.32915,-0.12201,0.11465,0.32474,0.45779],[0.04349,0.19314,0.28663,0.31758,0.28663,0.19314,0.04349,-0.13882,-0.31531,-0.44295,-0.48658,-0.42938,-0.27843,-0.06418,0.16621,0.35993,0.47134]]},{"label":"t = 1.8","z":[[0.42051,0.40497,0.39377,0.38972,0.39377,0.40497,0.42051,0.43577,0.44452,0.43947,0.41325,0.35972,0.27565,0.16227,0.02636,-0.11948,-0.2579],[0.30397,0.26935,0.24691,0.23916,0.24691,0.26935,0.30397,0.34629,0.38972,0.42564,0.44414,0.43528,0.39108,0.30767,0.18729,0.03941,-0.11948],[0.11801,0.0699,0.04011,0.03005,0.04011,0.0699,0.11801,0.18138,0.25453,0.32905,0.39377,0.43577,0.44249,0.40439,0.31782,0.18729,0.02636],[-0.09371,-0.14557,-0.17628,-0.18641,-0.17628,-0.14557,-0.09371,-0.021,0.0699,0.17265,0.27656,0.36714,0.42798,0.44383,0.40439,0.30767,0.16227],[-0.28282,-0.32605,-0.34976,-0.35724,-0.34976,-0.32605,-0.28282,-0.21638,-0.12489,-0.0107,0.11801,0.24691,0.35702,0.42798,0.44249,0.39108,0.27565],[-0.40792,-0.42973,-0.43848,-0.4406,-0.43848,-0.42973,-0.40792,-0.36449,-0.29179,-0.18641,-0.05207,0.09902,0.24691,0.36714,0.43577,0.43528,0.35972],[-0.44422,-0.43399,-0.42142,-0.41609,-0.42142,-0.43399,-0.44422,-0.43848,-0.40257,-0.32605,-0.20647,-0.05207,0.11801,0.27656,0.39377,0.44414,0.41325],[-0.38879,-0.34044,-0.30342,-0.2897,-0.30342,-0.34044,-0.38879,-0.43036,-0.44444,-0.41295,-0.32605,-0.18641,-0.0107,0.17265,0.32905,0.42564,0.43947],[-0.26017,-0.17397,-0.11381,-0.09239,-0.11381,-0.17397,-0.26017,-0.35143,-0.42142,-0.44444,-0.40257,-0.29179,-0.12489,0.0699,0.25453,0.38972,0.44452],[-0.09239,0.02433,0.10109,0.12755,0.10109,0.02433,-0.09239,-0.22781,-0.35143,-0.43036,-0.43848,-0.36449,-0.21638,-0.021,0.18138,0.34629,0.43577],[0.07503,0.20858,0.28986,0.31626,0.28986,0.20858,0.07503,-0.09239,-0.26017,-0.38879,-0.44422,-0.40792,-0.28282,-0.09371,0.11801,0.30397,0.42051],[0.20858,0.3419,0.41008,0.42753,0.41008,0.3419,0.20858,0.02433,-0.17397,-0.34044,-0.43399,-0.42973,-0.32605,-0.14557,0.0699,0.26935,0.40497],[0.28986,0.41008,0.44482,0.43414,0.44482,0.41008,0.28986,0.10109,-0.11381,-0.30342,-0.42142,-0.43848,-0.34976,-0.17628,0.04011,0.24691,0.39377],[0.31626,0.42753,0.43414,0.33445,0.43414,0.42753,0.31626,0.12755,-0.09239,-0.2897,-0.41609,-0.4406,-0.35724,-0.18641,0.03005,0.23916,0.38972],[0.28986,0.41008,0.44482,0.43414,0.44482,0.41008,0.28986,0.10109,-0.11381,-0.30342,-0.42142,-0.43848,-0.34976,-0.17628,0.04011,0.24691,0.39377],[0.20858,0.3419,0.41008,0.42753,0.41008,0.3419,0.20858,0.02433,-0.17397,-0.34044,-0.43399,-0.42973,-0.32605,-0.14557,0.0699,0.26935,0.40497],[0.07503,0.20858,0.28986,0.31626,0.28986,0.20858,0.07503,-0.09239,-0.26017,-0.38879,-0.44422,-0.40792,-0.28282,-0.09371,0.11801,0.30397,0.42051]]},{"label":"t = 2.0","z":[[0.37249,0.35548,0.34361,0.33937,0.34361,0.35548,0.37249,0.39046,0.40369,0.4054,0.3885,0.34683,0.27662,0.17808,0.05645,-0.07755,-0.20848],[0.2532,0.21953,0.19791,0.19048,0.19791,0.21953,0.2532,0.29508,0.33937,0.37832,0.40276,0.40325,0.37176,0.30376,0.2001,0.06826,-0.07755],[0.07618,0.03159,0.00418,-0.00504,0.00418,0.03159,0.07618,0.13557,0.20523,0.2779,0.34361,0.39046,0.40646,0.38194,0.31227,0.2001,0.05645],[-0.11713,-0.16332,-0.19043,-0.19933,-0.19043,-0.16332,-0.11713,-0.05159,0.03159,0.12734,0.2265,0.31612,0.38102,0.40654,0.38194,0.30376,0.17808],[-0.28273,-0.31914,-0.33871,-0.34481,-0.33871,-0.31914,-0.28273,-0.22551,-0.14496,-0.04223,0.07618,0.19791,0.30587,0.38102,0.40646,0.37176,0.27662],[-0.38458,-0.39989,-0.40494,-0.40588,-0.40494,-0.39989,-0.38458,-0.35068,-0.29035,-0.19933,-0.0797,0.05853,0.19791,0.31612,0.39046,0.40325,0.34683],[-0.40294,-0.38823,-0.37351,-0.36757,-0.37351,-0.38823,-0.40294,-0.40494,-0.38057,-0.31914,-0.21687,-0.0797,0.07618,0.2265,0.34361,0.40276,0.3885],[-0.3384,-0.28923,-0.25266,-0.23927,-0.25266,-0.28923,-0.3384,-0.38383,-0.4063,-0.38828,-0.31914,-0.19933,-0.04223,0.12734,0.2779,0.37832,0.4054],[-0.21066,-0.12858,-0.07227,-0.05238,-0.07227,-0.12858,-0.21066,-0.30023,-0.37351,-0.4063,-0.38057,-0.29035,-0.14496,0.03159,0.20523,0.33937,0.40369],[-0.05238,0.05461,0.12373,0.14732,0.12373,0.05461,-0.05238,-0.17963,-0.30023,-0.38383,-0.40494,-0.35068,-0.22551,-0.05159,0.13557,0.29508,0.39046],[0.10038,0.21872,0.28871,0.31096,0.28871,0.21872,0.10038,-0.05238,-0.21066,-0.3384,-0.40294,-0.38458,-0.28273,-0.11713,0.07618,0.2532,0.37249],[0.21872,0.33226,0.38618,0.39847,0.38618,0.33226,0.21872,0.05461,-0.12858,-0.28923,-0.38823,-0.39989,-0.31914,-0.16332,0.03159,0.21953,0.35548],[0.28871,0.38618,0.40482,0.38841,0.40482,0.38618,0.28871,0.12373,-0.07227,-0.25266,-0.37351,-0.40494,-0.33871,-0.19043,0.00418,0.19791,0.34361],[0.31096,0.39847,0.38841,0.28326,0.38841,0.39847,0.31096,0.14732,-0.05238,-0.23927,-0.36757,-0.40588,-0.34481,-0.19933,-0.00504,0.19048,0.33937],[0.28871,0.38618,0.40482,0.38841,0.40482,0.38618,0.28871,0.12373,-0.07227,-0.25266,-0.37351,-0.40494,-0.33871,-0.19043,0.00418,0.19791,0.34361],[0.21872,0.33226,0.38618,0.39847,0.38618,0.33226,0.21872,0.05461,-0.12858,-0.28923,-0.38823,-0.39989,-0.31914,-0.16332,0.03159,0.21953,0.35548],[0.10038,0.21872,0.28871,0.31096,0.28871,0.21872,0.10038,-0.05238,-0.21066,-0.3384,-0.40294,-0.38458,-0.28273,-0.11713,0.07618,0.2532,0.37249]]},{"label":"t = 2.2","z":[[0.32744,0.30944,0.29715,0.29282,0.29715,0.30944,0.32744,0.34744,0.36424,0.37157,0.36268,0.33146,0.27377,0.18892,0.08083,-0.0415,-0.16443],[0.20743,0.175,0.15436,0.1473,0.15436,0.175,0.20743,0.24839,0.29282,0.33378,0.36287,0.37115,0.3507,0.29647,0.20814,0.09146,-0.0415],[0.04023,-0.00082,-0.02588,-0.03428,-0.02588,-0.00082,0.04023,0.09551,0.16133,0.2315,0.29715,0.34744,0.37098,0.35813,0.3035,0.20814,0.08083],[-0.13514,-0.17598,-0.19972,-0.20747,-0.19972,-0.17598,-0.13514,-0.07645,-0.00082,0.08781,0.18168,0.26932,0.33676,0.37,0.35813,0.29647,0.18892],[-0.27891,-0.30913,-0.325,-0.32986,-0.325,-0.30913,-0.27891,-0.23015,-0.15981,-0.06801,0.04023,0.15436,0.25909,0.33676,0.37098,0.3507,0.27377],[-0.35999,-0.36966,-0.37156,-0.37149,-0.37156,-0.36966,-0.35999,-0.3345,-0.2853,-0.20747,-0.10173,0.02394,0.15436,0.26932,0.34744,0.37115,0.33146],[-0.36312,-0.34486,-0.32854,-0.32217,-0.32854,-0.34486,-0.36312,-0.37156,-0.35715,-0.30913,-0.22269,-0.10173,0.04023,0.18168,0.29715,0.36287,0.36268],[-0.29183,-0.24262,-0.20691,-0.19397,-0.20691,-0.24262,-0.29183,-0.33988,-0.36906,-0.36254,-0.30913,-0.20747,-0.06801,0.08781,0.2315,0.33378,0.37157],[-0.16652,-0.08897,-0.03662,-0.01828,-0.03662,-0.08897,-0.16652,-0.25349,-0.32854,-0.36906,-0.35715,-0.2853,-0.15981,-0.00082,0.16133,0.29282,0.36424],[-0.01828,0.07918,0.14101,0.16189,0.14101,0.07918,-0.01828,-0.13701,-0.25349,-0.33988,-0.37156,-0.3345,-0.23015,-0.07645,0.09551,0.24839,0.34744],[0.12022,0.22429,0.28392,0.30242,0.28392,0.22429,0.12022,-0.01828,-0.16652,-0.29183,-0.36312,-0.35999,-0.27891,-0.13514,0.04023,0.20743,0.32744],[0.22429,0.3198,0.3611,0.3689,0.3611,0.3198,0.22429,0.07918,-0.08897,-0.24262,-0.34486,-0.36966,-0.30913,-0.17598,-0.00082,0.175,0.30944],[0.28392,0.3611,0.36604,0.34507,0.36604,0.3611,0.28392,0.14101,-0.03662,-0.20691,-0.32854,-0.37156,-0.325,-0.19972,-0.02588,0.15436,0.29715],[0.30242,0.3689,0.34507,0.23675,0.34507,0.3689,0.30242,0.16189,-0.01828,-0.19397,-0.32217,-0.37149,-0.32986,-0.20747,-0.03428,0.1473,0.29282],[0.28392,0.3611,0.36604,0.34507,0.36604,0.3611,0.28392,0.14101,-0.03662,-0.20691,-0.32854,-0.37156,-0.325,-0.19972,-0.02588,0.15436,0.29715],[0.22429,0.3198,0.3611,0.3689,0.3611,0.3198,0.22429,0.07918,-0.08897,-0.24262,-0.34486,-0.36966,-0.30913,-0.17598,-0.00082,0.175,0.30944],[0.12022,0.22429,0.28392,0.30242,0.28392,0.22429,0.12022,-0.01828,-0.16652,-0.29183,-0.36312,-0.35999,-0.27891,-0.13514,0.04023,0.20743,0.32744]]},{"label":"t = 2.4","z":[[0.28547,0.26687,0.25442,0.25005,0.25442,0.26687,0.28547,0.30689,0.32646,0.33839,0.33631,0.31423,0.26775,0.19548,0.10013,-0.01084,-0.12546],[0.16646,0.13548,0.11594,0.10928,0.11594,0.13548,0.16646,0.2061,0.25005,0.29215,0.32473,0.33942,0.32846,0.28644,0.2121,0.10963,-0.01084],[0.00967,-0.02789,-0.05065,-0.05825,-0.05065,-0.02789,0.00967,0.06078,0.12253,0.18967,0.25442,0.30689,0.33642,0.33349,0.29215,0.2121,0.10013],[-0.1484,-0.18422,-0.20483,-0.21152,-0.20483,-0.18422,-0.1484,-0.0962,-0.02789,0.05362,0.14184,0.22665,0.29532,0.33458,0.33349,0.28644,0.19548],[-0.27202,-0.29668,-0.30923,-0.313,-0.30923,-0.29668,-0.27202,-0.23097,-0.17008,-0.08864,0.00967,0.11594,0.21658,0.29532,0.33642,0.32846,0.26775],[-0.33468,-0.33952,-0.33875,-0.33784,-0.33875,-0.33952,-0.33468,-0.31655,-0.27729,-0.21152,-0.11878,-0.00528,0.11594,0.22665,0.30689,0.33942,0.31423],[-0.32505,-0.30406,-0.28663,-0.27997,-0.28663,-0.30406,-0.32505,-0.33875,-0.33286,-0.29668,-0.2246,-0.11878,0.00967,0.14184,0.25442,0.32473,0.33631],[-0.24906,-0.20048,-0.16596,-0.15356,-0.16596,-0.20048,-0.24906,-0.29867,-0.33306,-0.33622,-0.29668,-0.21152,-0.08864,0.05362,0.18967,0.29215,0.33839],[-0.12744,-0.0547,-0.00635,0.01046,-0.00635,-0.0547,-0.12744,-0.21109,-0.28663,-0.33306,-0.33286,-0.27729,-0.17008,-0.02789,0.12253,0.25005,0.32646],[0.01046,0.09865,0.15357,0.17191,0.15357,0.09865,0.01046,-0.09959,-0.21109,-0.29867,-0.33875,-0.31655,-0.23097,-0.0962,0.06078,0.2061,0.30689],[0.1352,0.22596,0.27616,0.29127,0.27616,0.22596,0.1352,0.01046,-0.12744,-0.24906,-0.32505,-0.33468,-0.27202,-0.1484,0.00967,0.16646,0.28547],[0.22596,0.30516,0.33536,0.33932,0.33536,0.30516,0.22596,0.09865,-0.0547,-0.20048,-0.30406,-0.33952,-0.29668,-0.18422,-0.02789,0.13548,0.26687],[0.27616,0.33536,0.32879,0.3043,0.32879,0.33536,0.27616,0.15357,-0.00635,-0.16596,-0.28663,-0.33875,-0.30923,-0.20483,-0.05065,0.11594,0.25442],[0.29127,0.33932,0.3043,0.19476,0.3043,0.33932,0.29127,0.17191,0.01046,-0.15356,-0.27997,-0.33784,-0.313,-0.21152,-0.05825,0.10928,0.25005],[0.27616,0.33536,0.32879,0.3043,0.32879,0.33536,0.27616,0.15357,-0.00635,-0.16596,-0.28663,-0.33875,-0.30923,-0.20483,-0.05065,0.11594,0.25442],[0.22596,0.30516,0.33536,0.33932,0.33536,0.30516,0.22596,0.09865,-0.0547,-0.20048,-0.30406,-0.33952,-0.29668,-0.18422,-0.02789,0.13548,0.26687],[0.1352,0.22596,0.27616,0.29127,0.27616,0.22596,0.1352,0.01046,-0.12744,-0.24906,-0.32505,-0.33468,-0.27202,-0.1484,0.00967,0.16646,0.28547]]},{"label":"t = 2.6","z":[[0.24664,0.22779,0.21535,0.21102,0.21535,0.22779,0.24664,0.26896,0.29058,0.30619,0.30982,0.29567,0.25918,0.19837,0.11492,0.01492,-0.09125],[0.13002,0.10068,0.08231,0.07607,0.08231,0.10068,0.13002,0.16805,0.21102,0.2535,0.28858,0.30842,0.30553,0.27427,0.21259,0.12335,0.01492],[-0.01598,-0.05013,-0.07067,-0.0775,-0.07067,-0.05013,-0.01598,0.03097,0.08849,0.15222,0.21535,0.26896,0.3031,0.3085,0.27879,0.21259,0.11492],[-0.1575,-0.18866,-0.20638,-0.2121,-0.20638,-0.18866,-0.1575,-0.11143,-0.05013,0.02436,0.10668,0.18801,0.25679,0.30056,0.3085,0.27427,0.19837],[-0.26266,-0.28235,-0.29196,-0.29477,-0.29196,-0.28235,-0.26266,-0.2286,-0.17642,-0.10469,-0.01598,0.08231,0.1782,0.25679,0.3031,0.30553,0.25918],[-0.3091,-0.30984,-0.30686,-0.30526,-0.30686,-0.30984,-0.3091,-0.29736,-0.26694,-0.2121,-0.13144,-0.02961,0.08231,0.18801,0.26896,0.30842,0.29567],[-0.28895,-0.26596,-0.24782,-0.24102,-0.24782,-0.26596,-0.28895,-0.30686,-0.30815,-0.28235,-0.22321,-0.13144,-0.01598,0.10668,0.21535,0.28858,0.30982],[-0.21003,-0.16262,-0.12955,-0.11777,-0.12955,-0.16262,-0.21003,-0.26028,-0.29858,-0.30979,-0.28235,-0.2121,-0.10469,0.02436,0.15222,0.2535,0.30619],[-0.09311,-0.02536,0.01901,0.03432,0.01901,-0.02536,-0.09311,-0.17287,-0.24782,-0.29858,-0.30815,-0.26694,-0.17642,-0.05013,0.08849,0.21102,0.29058],[0.03432,0.1136,0.16202,0.178,0.16202,0.1136,0.03432,-0.06701,-0.17287,-0.26028,-0.30686,-0.29736,-0.2286,-0.11143,0.03097,0.16805,0.26896],[0.14592,0.22437,0.26602,0.27811,0.26602,0.22437,0.14592,0.03432,-0.09311,-0.21003,-0.28895,-0.3091,-0.26266,-0.1575,-0.01598,0.13002,0.24664],[0.22437,0.28889,0.30942,0.31012,0.30942,0.28889,0.22437,0.1136,-0.02536,-0.16262,-0.26596,-0.30984,-0.28235,-0.18866,-0.05013,0.10068,0.22779],[0.26602,0.30942,0.29333,0.2662,0.29333,0.30942,0.26602,0.16202,0.01901,-0.12955,-0.24782,-0.30686,-0.29196,-0.20638,-0.07067,0.08231,0.21535],[0.27811,0.31012,0.2662,0.15711,0.2662,0.31012,0.27811,0.178,0.03432,-0.11777,-0.24102,-0.30526,-0.29477,-0.2121,-0.0775,0.07607,0.21102],[0.26602,0.30942,0.29333,0.2662,0.29333,0.30942,0.26602,0.16202,0.01901,-0.12955,-0.24782,-0.30686,-0.29196,-0.20638,-0.07067,0.08231,0.21535],[0.22437,0.28889,0.30942,0.31012,0.30942,0.28889,0.22437,0.1136,-0.02536,-0.16262,-0.26596,-0.30984,-0.28235,-0.18866,-0.05013,0.10068,0.22779],[0.14592,0.22437,0.26602,0.27811,0.26602,0.22437,0.14592,0.03432,-0.09311,-0.21003,-0.28895,-0.3091,-0.26266,-0.1575,-0.01598,0.13002,0.24664]]},{"label":"t = 2.8","z":[[0.21093,0.19212,0.17986,0.17561,0.17986,0.19212,0.21093,0.23372,0.25676,0.27523,0.28359,0.27625,0.24859,0.19815,0.12575,0.03623,-0.06146],[0.09787,0.07028,0.05313,0.04732,0.05313,0.07028,0.09787,0.13404,0.17561,0.21786,0.25455,0.27844,0.28233,0.26048,0.21019,0.13317,0.03623],[-0.0372,-0.06804,-0.08645,-0.09256,-0.08645,-0.06804,-0.0372,0.00566,0.05889,0.11892,0.17986,0.23372,0.27125,0.28353,0.26394,0.21019,0.12575],[-0.16302,-0.18987,-0.20495,-0.20977,-0.20495,-0.18987,-0.16302,-0.12267,-0.06804,-0.00041,0.0759,0.15324,0.22121,0.26815,0.28353,0.26048,0.19815],[-0.25136,-0.26663,-0.27367,-0.27563,-0.27367,-0.26663,-0.25136,-0.22359,-0.17937,-0.11671,-0.0372,0.05313,0.14378,0.22121,0.27125,0.28233,0.24859],[-0.28364,-0.28094,-0.27615,-0.274,-0.27615,-0.28094,-0.28364,-0.27739,-0.25475,-0.20977,-0.14028,-0.04954,0.05313,0.15324,0.23372,0.27844,0.27625],[-0.25496,-0.23061,-0.21212,-0.20529,-0.21212,-0.23061,-0.25496,-0.27615,-0.28343,-0.26663,-0.2191,-0.14028,-0.0372,0.0759,0.17986,0.25455,0.28359],[-0.17465,-0.12884,-0.09742,-0.08632,-0.09742,-0.12884,-0.17465,-0.22477,-0.26582,-0.2836,-0.26663,-0.20977,-0.11671,-0.00041,0.11892,0.21786,0.27523],[-0.0632,-0.00051,0.03994,0.05379,0.03994,-0.00051,-0.0632,-0.13866,-0.21212,-0.26582,-0.28343,-0.25475,-0.17937,-0.06804,0.05889,0.17561,0.25676],[0.05379,0.12459,0.16694,0.18073,0.16694,0.12459,0.05379,-0.03892,-0.13866,-0.22477,-0.27615,-0.27739,-0.22359,-0.12267,0.00566,0.13404,0.23372],[0.15294,0.22007,0.25403,0.26342,0.25403,0.22007,0.15294,0.05379,-0.0632,-0.17465,-0.25496,-0.28364,-0.25136,-0.16302,-0.0372,0.09787,0.21093],[0.22007,0.27147,0.28365,0.28161,0.28365,0.27147,0.22007,0.12459,-0.00051,-0.12884,-0.23061,-0.28094,-0.26663,-0.18987,-0.06804,0.07028,0.19212],[0.25403,0.28365,0.25982,0.23086,0.25982,0.28365,0.25403,0.16694,0.03994,-0.09742,-0.21212,-0.27615,-0.27367,-0.20495,-0.08645,0.05313,0.17986],[0.26342,0.28161,0.23086,0.12358,0.23086,0.28161,0.26342,0.18073,0.05379,-0.08632,-0.20529,-0.274,-0.27563,-0.20977,-0.09256,0.04732,0.17561],[0.25403,0.28365,0.25982,0.23086,0.25982,0.28365,0.25403,0.16694,0.03994,-0.09742,-0.21212,-0.27615,-0.27367,-0.20495,-0.08645,0.05313,0.17986],[0.22007,0.27147,0.28365,0.28161,0.28365,0.27147,0.22007,0.12459,-0.00051,-0.12884,-0.23061,-0.28094,-0.26663,-0.18987,-0.06804,0.07028,0.19212],[0.15294,0.22007,0.25403,0.26342,0.25403,0.22007,0.15294,0.05379,-0.0632,-0.17465,-0.25496,-0.28364,-0.25136,-0.16302,-0.0372,0.09787,0.21093]]},{"label":"t = 3.0","z":[[0.1783,0.15978,0.14783,0.14372,0.14783,0.15978,0.1783,0.20118,0.2251,0.24573,0.25793,0.25637,0.23644,0.19534,0.13313,0.05355,-0.03577],[0.06971,0.04395,0.02805,0.02268,0.02805,0.04395,0.06971,0.10385,0.14372,0.18521,0.22276,0.2497,0.2592,0.2455,0.2054,0.13961,0.05355],[-0.05442,-0.08209,-0.09849,-0.1039,-0.09849,-0.08209,-0.05442,-0.01556,0.03338,0.08952,0.14783,0.20118,0.24105,0.25891,0.24804,0.2054,0.13313],[-0.16546,-0.18837,-0.20103,-0.20505,-0.20103,-0.18837,-0.16546,-0.13043,-0.08209,-0.02109,0.04919,0.12217,0.18855,0.23754,0.25891,0.2455,0.19534],[-0.23859,-0.24997,-0.25476,-0.25599,-0.25476,-0.24997,-0.23859,-0.21644,-0.17945,-0.12521,-0.05442,0.02805,0.11313,0.18855,0.24105,0.2592,0.23644],[-0.25861,-0.25308,-0.24685,-0.24426,-0.24685,-0.25308,-0.25861,-0.25703,-0.24119,-0.20505,-0.1458,-0.06553,0.02805,0.12217,0.20118,0.2497,0.25637],[-0.22319,-0.19802,-0.17948,-0.17273,-0.17948,-0.19802,-0.22319,-0.24685,-0.25903,-0.24997,-0.21276,-0.1458,-0.05442,0.04919,0.14783,0.22276,0.25793],[-0.14279,-0.09892,-0.06929,-0.0589,-0.06929,-0.09892,-0.14279,-0.19213,-0.23494,-0.25797,-0.24997,-0.20505,-0.12521,-0.02109,0.08952,0.18521,0.24573],[-0.03738,0.02026,0.0569,0.06935,0.0569,0.02026,-0.03738,-0.10825,-0.17948,-0.23494,-0.25903,-0.24119,-0.17945,-0.08209,0.03338,0.14372,0.2251],[0.06935,0.13211,0.16883,0.18061,0.16883,0.13211,0.06935,-0.01493,-0.10825,-0.19213,-0.24685,-0.25703,-0.21644,-0.13043,-0.01556,0.10385,0.20118],[0.15678,0.21355,0.24064,0.24766,0.24064,0.21355,0.15678,0.06935,-0.03738,-0.14279,-0.22319,-0.25861,-0.23859,-0.16546,-0.05442,0.06971,0.1783],[0.21355,0.25332,0.25837,0.25407,0.25837,0.25332,0.21355,0.13211,0.02026,-0.