{"id":"poisson_gauss_4","name":"Poisson–Gauss (4 sources, unknown soln.)","known":false,"pde_latex":"-\\nabla^2 u = F(x,y),\\quad F=\\sum_{k=1}^{4} e^{-\\|x-c_k\\|^2/(2\\sigma^2)}","domain_latex":"(x,y)\\in[0,1]^2,\\quad \\sigma=0.1","ansatz_latex":"u(x,y) = \\sum_{k=1}^{8} a_k\\,\\psi_k(x,y)\\,\\varphi_k(x,y)","solution_latex":"u_{\\text{SIGS}}(x,y) = \\sin(\\pi x)\\sin(\\pi y)\\!\\!\\sum_{k=1}^{8} a_k\\exp\\!\\left(\\!-\\frac{(x-x_k)^2+(y-y_k)^2}{2\\sigma_k^2}\\right)","note":"No known closed-form solution. SIGS provides a symbolic approximation; reference is FEM (FEniCS, 100×100 mesh, P2 elements).","figure":"/assets/iclr_pg_4_fenics_source_sigs.png","figure_caption":"Source F (4 Gaussian centers), FEM reference, and SIGS symbolic approximation.","metrics":{"Rel. L² vs FEM":"~1.05%","Wall-clock (s)":130},"baseline":[{"method":"SIGS","error":"1.05% vs FEM","time_sec":130},{"method":"HD-TLGP (P1)","error":"DNF†","time_sec":7207},{"method":"HD-TLGP (P2)","error":"DNF†","time_sec":5836.3}],"plots":{"type":"heatmap","x":[0,0.032258,0.064516,0.096774,0.129032,0.16129,0.193548,0.225806,0.258065,0.290323,0.322581,0.354839,0.387097,0.419355,0.451613,0.483871,0.516129,0.548387,0.580645,0.612903,0.645161,0.677419,0.709677,0.741935,0.774194,0.806452,0.83871,0.870968,0.903226,0.935484,0.967742,1],"y":[0,0.032258,0.064516,0.096774,0.129032,0.16129,0.193548,0.225806,0.258065,0.290323,0.322581,0.354839,0.387097,0.419355,0.451613,0.483871,0.516129,0.548387,0.580645,0.612903,0.645161,0.677419,0.709677,0.741935,0.774194,0.806452,0.83871,0.870968,0.903226,0.935484,0.967742,1],"fields":[{"label":"SIGS approx.","z":[[0,0,0,0,0,0,0,0,0,0,0,0,0,0,0,0,0,0,0,0,0,0,0,0,0,0,0,0,0,0,0,0],[0,0.00023,0.00049,0.00078,0.00108,0.00141,0.00174,0.00206,0.00238,0.00268,0.00295,0.00319,0.00339,0.00354,0.00365,0.0037,0.0037,0.00365,0.00354,0.00339,0.00319,0.00295,0.00268,0.00238,0.00206,0.00174,0.00141,0.00108,0.00078,0.00049,0.00023,0],[0,0.00049,0.00105,0.00166,0.00232,0.00301,0.00371,0.00441,0.00508,0.00572,0.0063,0.00682,0.00724,0.00757,0.00779,0.00791,0.00791,0.00779,0.00757,0.00724,0.00682,0.0063,0.00572,0.00508,0.00441,0.00371,0.00301,0.00232,0.00166,0.00105,0.00049,0],[0,0.00078,0.00166,0.00263,0.00368,0.00477,0.00588,0.00699,0.00807,0.00908,0.01,0.01081,0.01149,0.01201,0.01237,0.01255,0.01255,0.01237,0.01201,0.01149,0.01081,0.01,0.00908,0.00807,0.00699,0.00588,0.00477,0.00368,0.00263,0.00166,0.00078,0],[0,0.00108,0.00232,0.00368,0.00514,0.00666,0.00822,0.00977,0.01127,0.01268,0.01397,0.0151,0.01605,0.01678,0.01727,0.01753,0.01753,0.01727,0.01678,0.01605,0.0151,0.01397,0.01268,0.01127,0.00977,0.00822,0.00666,0.00514,0.00368,0.00232,0.00108,0],[0,0.00141,0.00301,0.00477,0.00666,0.00864,0.01066,0.01267,0.01462,0.01645,0.01813,0.01959,0.02082,0.02176,0.02241,0.02274,0.02274,0.02241,0.02176,0.02082,0.01959,0.01813,0.01645,0.01462,0.01267,0.01066,0.00864,0.00666,0.00477,0.00301,0.00141,0],[0,0.00174,0.00371,0.00588,0.00822,0.01066,0.01315,0.01563,0.01803,0.0203,0.02236,0.02417,0.02568,0.02685,0.02765,0.02805,0.02805,0.02765,0.02685,0.02568,0.02417,0.02236,0.0203,0.01803,0.01563,0.01315,0.01066,0.00822,0.00588,0.00371,0.00174,0],[0,0.00206,0.00441,0.00699,0.00977,0.01267,0.01563,0.01858,0.02143,0.02412,0.02658,0.02873,0.03052,0.03191,0.03286,0.03334,0.03334,0.03286,0.03191,0.03052,0.02873,0.02658,0.02412,0.02143,0.01858,0.01563,0.01267,0.00977,0.00699,0.00441,0.00206,0],[0,0.00238,0.00508,0.00807,0.01127,0.01462,0.01803,0.02143,0.02473,0.02783,0.03066,0.03314,0.03521,0.03682,0.03791,0.03846,0.03846,0.03791,0.03682,0.03521,0.03314,0.03066,0.02783,0.02473,0.02143,0.01803,0.01462,0.01127,0.00807,0.00508,0.00238,0],[0,0.00268,0.00572,0.00908,0.01268,0.01645,0.0203,0.02412,0.02783,0.03132,0.03451,0.0373,0.03963,0.04144,0.04267,0.04329,0.04329,0.04267,0.04144,0.03963,0.0373,0.03451,0.03132,0.02783,0.02412,0.0203,0.01645,0.01268,0.00908,0.00572,0.00268,0],[0,0.00295,0.0063,0.01,0.01397,0.01813,0.02236,0.02658,0.03066,0.03451,0.03802,0.0411,0.04367,0.04565,0.047,0.04769,0.04769,0.047,0.04565,0.04367,0.0411,0.03802,0.03451,0.03066,0.02658,0.02236,0.01813,0.01397,0.01,0.0063,0.00295,0],[0,0.00319,0.00682,0.01081,0.0151,0.01959,0.02417,0.02873,0.03314,0.0373,0.0411,0.04443,0.0472,0.04935,0.05081,0.05155,0.05155,0.05081,0.04935,0.0472,0.04443,0.0411,0.0373,0.03314,0.02873,0.02417,0.01959,0.0151,0.01081,0.00682,0.00319,0],[0,0.00339,0.00724,0.01149,0.01605,0.02082,0.02568,0.03052,0.03521,0.03963,0.04367,0.0472,0.05015,0.05243,0.05398,0.05477,0.05477,0.05398,0.05243,0.05015,0.0472,0.04367,0.03963,0.03521,0.03052,0.02568,0.02082,0.01605,0.01149,0.00724,0.00339,0],[0,0.00354,0.00757,0.01201,0.01678,0.02176,0.02685,0.03191,0.03682,0.04144,0.04565,0.04935,0.05243,0.05481,0.05644,0.05726,0.05726,0.05644,0.05481,0.05243,0.04935,0.04565,0.04144,0.03682,0.03191,0.02685,0.02176,0.01678,0.01201,0.00757,0.00354,0],[0,0.00365,0.00779,0.01237,0.01727,0.02241,0.02765,0.03286,0.03791,0.04267,0.047,0.05081,0.05398,0.05644,0.05811,0.05896,0.05896,0.05811,0.05644,0.05398,0.05081,0.047,0.04267,0.03791,0.03286,0.02765,0.02241,0.01727,0.01237,0.00779,0.00365,0],[0,0.0037,0.00791,0.01255,0.01753,0.02274,0.02805,0.03334,0.03846,0.04329,0.04769,0.05155,0.05477,0.05726,0.05896,0.05982,0.05982,0.05896,0.05726,0.05477,0.05155,0.04769,0.04329,0.03846,0.03334,0.02805,0.02274,0.01753,0.01255,0.00791,0.0037,0],[0,0.0037,0.00791,0.01255,0.01753,0.02274,0.02805,0.03334,0.03846,0.04329,0.04769,0.05155,0.05477,0.05726,0.05896,0.05982,0.05982,0.05896,0.05726,0.05477,0.05155,0.04769,0.04329,0.03846,0.03334,0.02805,0.02274,0.01753,0.01255,0.00791,0.0037,0],[0,0.00365,0.00779,0.01237,0.01727,0.02241,0.02765,0.03286,0.03791,0.04267,0.047,0.05081,0.05398,0.05644,0.05811,0.05896,0.05896,0.05811,0.05644,0.05398,0.05081,0.047,0.04267,0.03791,0.03286,0.02765,0.02241,0.01727,0.01237,0.00779,0.00365,0],[0,0.00354,0.00757,0.01201,0.01678,0.02176,0.02685,0.03191,0.03682,0.04144,0.04565,0.04935,0.05243,0.05481,0.05644,0.05726,0.05726,0.05644,0.05481,0.05243,0.04935,0.04565,0.04144,0.03682,0.03191,0.02685,0.02176,0.01678,0.01201,0.00757,0.00354,0],[0,0.00339,0.00724,0.01149,0.01605,0.02082,0.02568,0.03052,0.03521,0.03963,0.04367,0.0472,0.05015,0.05243,0.05398,0.05477,0.05477,0.05398,0.05243,0.05015,0.0472,0.04367,0.03963,0.03521,0.03052,0.02568,0.02082,0.01605,0.01149,0.00724,0.00339,0],[0,0.00319,0.00682,0.01081,0.0151,0.01959,0.02417,0.02873,0.03314,0.0373,0.0411,0.04443,0.0472,0.04935,0.05081,0.05155,0.05155,0.05081,0.04935,0.0472,0.04443,0.0411,0.0373,0.03314,0.02873,0.02417,0.01959,0.0151,0.01081,0.00682,0.00319,0],[0,0.00295,0.0063,0.01,0.01397,0.01813,0.02236,0.02658,0.03066,0.03451,0.03802,0.0411,0.04367,0.04565,0.047,0.04769,0.04769,0.047,0.04565,0.04367,0.0411,0.03802,0.03451,0.03066,0.02658,0.02236,0.01813,0.01397,0.01,0.0063,0.00295,0],[0,0.00268,0.00572,0.00908,0.01268,0.01645,0.0203,0.02412,0.02783,0.03132,0.03451,0.0373,0.03963,0.04144,0.04267,0.04329,0.04329,0.04267,0.04144,0.03963,0.0373,0.03451,0.03132,0.02783,0.02412,0.0203,0.01645,0.01268,0.00908,0.00572,0.00268,0],[0,0.00238,0.00508,0.00807,0.01127,0.01462,0.01803,0.02143,0.02473,0.02783,0.03066,0.03314,0.03521,0.03682,0.03791,0.03846,0.03846,0.03791,0.03682,0.03521,0.03314,0.03066,0.02783,0.02473,0.02143,0.01803,0.01462,0.01127,0.00807,0.00508,0.00238,0],[0,0.00206,0.00441,0.00699,0.00977,0.01267,0.01563,0.01858,0.02143,0.02412,0.02658,0.02873,0.03052,0.03191,0.03286,0.03334,0.03334,0.03286,0.03191,0.03052,0.02873,0.02658,0.02412,0.02143,0.01858,0.01563,0.01267,0.00977,0.00699,0.00441,0.00206,0],[0,0.00174,0.00371,0.00588,0.00822,0.01066,0.01315,0.01563,0.01803,0.0203,0.02236,0.02417,0.02568,0.02685,0.02765,0.02805,0.02805,0.02765,0.02685,0.02568,0.02417,0.02236,0.0203,0.01803,0.01563,0.01315,0.01066,0.00822,0.00588,0.00371,0.00174,0],[0,0.00141,0.00301,0.00477,0.00666,0.00864,0.01066,0.01267,0.01462,0.01645,0.01813,0.01959,0.02082,0.02176,0.02241,0.02274,0.02274,0.02241,0.02176,0.02082,0.01959,0.01813,0.01645,0.01462,0.01267,0.01066,0.00864,0.00666,0.00477,0.00301,0.00141,0],[0,0.00108,0.00232,0.00368,0.00514,0.00666,0.00822,0.00977,0.01127,0.01268,0.01397,0.0151,0.01605,0.01678,0.01727,0.01753,0.01753,0.01727,0.01678,0.01605,0.0151,0.01397,0.01268,0.01127,0.00977,0.00822,0.00666,0.00514,0.00368,0.00232,0.00108,0],[0,0.00078,0.00166,0.00263,0.00368,0.00477,0.00588,0.00699,0.00807,0.00908,0.01,0.01081,0.01149,0.01201,0.01237,0.01255,0.01255,0.01237,0.01201,0.01149,0.01081,0.01,0.00908,0.00807,0.00699,0.00588,0.00477,0.00368,0.00263,0.00166,0.00078,0],[0,0.00049,0.00105,0.00166,0.00232,0.00301,0.00371,0.00441,0.00508,0.00572,0.0063,0.00682,0.00724,0.00757,0.00779,0.00791,0.00791,0.00779,0.00757,0.00724,0.00682,0.0063,0.00572,0.00508,0.00441,0.00371,0.00301,0.00232,0.00166,0.00105,0.00049,0],[0,0.00023,0.00049,0.00078,0.00108,0.00141,0.00174,0.00206,0.00238,0.00268,0.00295,0.00319,0.00339,0.00354,0.00365,0.0037,0.0037,0.00365,0.00354,0.00339,0.00319,0.00295,0.00268,0.00238,0.00206,0.00174,0.00141,0.00108,0.00078,0.00049,0.00023,0],[0,0,0,0,0,0,0,0,0,0,0,0,0,0,0,0,0,0,0,0,0,0,0,0,0,0,0,0,0,0,0,0]]},{"label":"Source F(x,y)","z":[[0.00193,0.0041,0.00787,0.01358,0.02114,0.02964,0.03747,0.04267,0.04379,0.04051,0.03377,0.02538,0.01723,0.01066,0.00627,0.00413,0.00413,0.00627,0.01066,0.01723,0.02538,0.03377,0.04051,0.04379,0.04267,0.03747,0.02964,0.02114,0.01358,0.00787,0.0041,0.00193],[0.0041,0.00873,0.01673,0.02888,0.04495,0.06304,0.07967,0.09073,0.09312,0.08613,0.0718,0.05396,0.03663,0.02266,0.01333,0.00877,0.00877,0.01333,0.02266,0.03663,0.05396,0.0718,0.08613,0.09312,0.09073,0.07967,0.06304,0.04495,0.02888,0.01673,0.00873,0.0041],[0.00787,0.01673,0.03205,0.05535,0.08613,0.12079,0.15266,0.17386,0.17845,0.16505,0.13759,0.10341,0.0702,0.04343,0.02554,0.01681,0.01681,0.02554,0.04343,0.0702,0.10341,0.13759,0.16505,0.17845,0.17386,0.15266,0.12079,0.08613,0.05535,0.03205,0.01673,0.00787],[0.01358,0.02888,0.05535,0.09558,0.14874,0.20859,0.26362,0.30024,0.30815,0.28502,0.2376,0.17857,0.12122,0.07499,0.04411,0.02903,0.02903,0.04411,0.07499,0.12122,0.17857,0.2376,0.28502,0.30815,0.30024,0.26362,0.20859,0.14874,0.09558,0.05535,0.02888,0.01358],[0.02114,0.04495,0.08613,0.14874,0.23147,0.32461,0.41024,0.46723,0.47955,0.44356,0.36975,0.27789,0.18864,0.1167,0.06864,0.04517,0.04517,0.06864,0.1167,0.18864,0.27789,0.36975,0.44356,0.47955,0.46723,0.41024,0.32461,0.23147,0.14874,0.08613,0.04495,0.02114],[0.02964,0.06304,0.12079,0.20859,0.32461,0.45523,0.57533,0.65525,0.67252,0.62205,0.51854,0.38972,0.26455,0.16366,0.09627,0.06335,0.06335,0.09627,0.16366,0.26455,0.38972,0.51854,0.62205,0.67252,0.65525,0.57533,0.45523,0.32461,0.20859,0.12079,0.06304,0.02964],[0.03747,0.07967,0.15266,0.26362,0.41024,0.57533,0.72711,0.82811,0.84994,0.78615,0.65534,0.49253,0.33434,0.20684,0.12166,0.08006,0.08006,0.12166,0.20684,0.33434,0.49253,0.65534,0.78615,0.84994,0.82811,0.72711,0.57533,0.41024,0.26362,0.15266,0.07967,0.03747],[0.04267,0.09073,0.17386,0.30024,0.46723,0.65525,0.82811,0.94315,0.96801,0.89535,0.74638,0.56095,0.38079,0.23557,0.13857,0.09118,0.09118,0.13857,0.23557,0.38079,0.56095,0.74638,0.89535,0.96801,0.94315,0.82811,0.65525,0.46723,0.30024,0.17386,0.09073,0.04267],[0.04379,0.09312,0.17845,0.30815,0.47955,0.67252,0.84994,0.96801,0.99353,0.91896,0.76605,0.57574,0.39082,0.24178,0.14222,0.09358,0.09358,0.14222,0.24178,0.39082,0.57574,0.76605,0.91896,0.99353,0.96801,0.84994,0.67252,0.47955,0.30815,0.17845,0.09312,0.04379],[0.04051,0.08613,0.16505,0.28502,0.44356,0.62205,0.78615,0.89535,0.91896,0.84998,0.70855,0.53252,0.36149,0.22363,0.13154,0.08656,0.08656,0.13154,0.22363,0.36149,0.53252,0.70855,0.84998,0.91896,0.89535,0.78615,0.62205,0.44356,0.28502,0.16505,0.08613,0.04051],[0.03377,0.0718,0.13759,0.2376,0.36975,0.51854,0.65534,0.74638,0.76605,0.70855,0.59066,0.44392,0.30134,0.18642,0.10966,0.07216,0.07216,0.10966,0.18642,0.30134,0.44392,0.59066,0.70855,0.76605,0.74638,0.65534,0.51854,0.36975,0.2376,0.13759,0.0718,0.03377],[0.02538,0.05396,0.10341,0.17857,0.27789,0.38972,0.49253,0.56095,0.57574,0.53252,0.44392,0.33363,0.22648,0.14011,0.08241,0.05423,0.05423,0.08241,0.14011,0.22648,0.33363,0.44392,0.53252,0.57574,0.56095,0.49253,0.38972,0.27789,0.17857,0.10341,0.05396,0.02538],[0.01723,0.03663,0.0702,0.12122,0.18864,0.26455,0.33434,0.38079,0.39082,0.36149,0.30134,0.22648,0.15374,0.09511,0.05594,0.03681,0.03681,0.05594,0.09511,0.15374,0.22648,0.30134,0.36149,0.39082,0.38079,0.33434,0.26455,0.18864,0.12122,0.0702,0.03663,0.01723],[0.01066,0.02266,0.04343,0.07499,0.1167,0.16366,0.20684,0.23557,0.24178,0.22363,0.18642,0.14011,0.09511,0.05884,0.03461,0.02277,0.02277,0.03461,0.05884,0.09511,0.14011,0.18642,0.22363,0.24178,0.23557,0.20684,0.16366,0.1167,0.07499,0.04343,0.02266,0.01066],[0.00627,0.01333,0.02554,0.04411,0.06864,0.09627,0.12166,0.13857,0.14222,0.13154,0.10966,0.08241,0.05594,0.03461,0.02036,0.0134,0.0134,0.02036,0.03461,0.05594,0.08241,0.10966,0.13154,0.14222,0.13857,0.12166,0.09627,0.06864,0.04411,0.02554,0.01333,0.00627],[0.00413,0.00877,0.01681,0.02903,0.04517,0.06335,0.08006,0.09118,0.09358,0.08656,0.07216,0.05423,0.03681,0.02277,0.0134,0.00881,0.00881,0.0134,0.02277,0.03681,0.05423,0.07216,0.08656,0.09358,0.09118,0.08006,0.06335,0.04517,0.02903,0.01681,0.00877,0.00413],[0.00413,0.00877,0.01681,0.02903,0.04517,0.06335,0.08006,0.09118,0.09358,0.08656,0.07216,0.05423,0.03681,0.02277,0.0134,0.00881,0.00881,0.0134,0.02277,0.03681,0.05423,0.07216,0.08656,0.09358,0.09118,0.08006,0.06335,0.04517,0.02903,0.01681,0.00877,0.00413],[0.00627,0.01333,0.02554,0.04411,0.06864,0.09627,0.12166,0.13857,0.14222,0.13154,0.10966,0.08241,0.05594,0.03461,0.02036,0.0134,0.0134,0.02036,0.03461,0.05594,0.08241,0.10966,0.13154,0.14222,0.13857,0.12166,0.09627,0.06864,0.04411,0.02554,0.01333,0.00627],[0.01066,0.02266,0.04343,0.07499,0.1167,0.16366,0.20684,0.23557,0.24178,0.22363,0.18642,0.14011,0.09511,0.05884,0.03461,0.02277,0.02277,0.03461,0.05884,0.09511,0.14011,0.18642,0.22363,0.24178,0.23557,0.20684,0.16366,0.1167,0.07499,0.04343,0.02266,0.01066],[0.01723,0.03663,0.0702,0.12122,0.18864,0.26455,0.33434,0.38079,0.39082,0.36149,0.30134,0.22648,0.15374,0.09511,0.05594,0.03681,0.03681,0.05594,0.09511,0.15374,0.22648,0.30134,0.36149,0.39082,0.38079,0.33434,0.26455,0.18864,0.12122,0.0702,0.03663,0.01723],[0.02538,0.05396,0.10341,0.17857,0.27789,0.38972,0.49253,0.56095,0.57574,0.53252,0.44392,0.33363,0.22648,0.14011,0.08241,0.05423,0.05423,0.08241,0.14011,0.22648,0.33363,0.44392,0.53252,0.57574,0.56095,0.49253,0.38972,0.27789,0.17857,0.10341,0.05396,0.02538],[0.03377,0.0718,0.13759,0.2376,0.36975,0.51854,0.65534,0.74638,0.76605,0.70855,0.59066,0.44392,0.30134,0.18642,0.10966,0.07216,0.07216,0.10966,0.18642,0.30134,0.44392,0.59066,0.70855,0.76605,0.74638,0.65534,0.51854,0.36975,0.2376,0.13759,0.0718,0.03377],[0.04051,0.08613,0.16505,0.28502,0.44356,0.62205,0.78615,0.89535,0.91896,0.84998,0.70855,0.53252,0.36149,0.22363,0.13154,0.08656,0.08656,0.13154,0.22363,0.36149,0.53252,0.70855,0.84998,0.91896,0.89535,0.78615,0.62205,0.44356,0.28502,0.16505,0.08613,0.04051],[0.04379,0.09312,0.17845,0.30815,0.47955,0.67252,0.84994,0.96801,0.99353,0.91896,0.76605,0.57574,0.39082,0.24178,0.14222,0.09358,0.09358,0.14222,0.24178,0.39082,0.57574,0.76605,0.91896,0.99353,0.96801,0.84994,0.67252,0.47955,0.30815,0.17845,0.09312,0.04379],[0.04267,0.09073,0.17386,0.30024,0.46723,0.65525,0.82811,0.94315,0.96801,0.89535,0.74638,0.56095,0.38079,0.23557,0.13857,0.09118,0.09118,0.13857,0.23557,0.38079,0.56095,0.74638,0.89535,0.96801,0.94315,0.82811,0.65525,0.46723,0.30024,0.17386,0.09073,0.04267],[0.03747,0.07967,0.15266,0.26362,0.41024,0.57533,0.72711,0.82811,0.84994,0.78615,0.65534,0.49253,0.33434,0.20684,0.12166,0.08006,0.08006,0.12166,0.20684,0.33434,0.49253,0.65534,0.78615,0.84994,0.82811,0.72711,0.57533,0.41024,0.26362,0.15266,0.07967,0.03747],[0.02964,0.06304,0.12079,0.20859,0.32461,0.45523,0.57533,0.65525,0.67252,0.62205,0.51854,0.38972,0.26455,0.16366,0.09627,0.06335,0.06335,0.09627,0.16366,0.26455,0.38972,0.51854,0.62205,0.67252,0.65525,0.57533,0.45523,0.32461,0.20859,0.12079,0.06304,0.02964],[0.02114,0.04495,0.08613,0.14874,0.23147,0.32461,0.41024,0.46723,0.47955,0.44356,0.36975,0.27789,0.18864,0.1167,0.06864,0.04517,0.04517,0.06864,0.1167,0.18864,0.27789,0.36975,0.44356,0.47955,0.46723,0.41024,0.32461,0.23147,0.14874,0.08613,0.04495,0.02114],[0.01358,0.02888,0.05535,0.09558,0.14874,0.20859,0.26362,0.30024,0.30815,0.28502,0.2376,0.17857,0.12122,0.07499,0.04411,0.02903,0.02903,0.04411,0.07499,0.12122,0.17857,0.2376,0.28502,0.30815,0.30024,0.26362,0.20859,0.14874,0.09558,0.05535,0.02888,0.01358],[0.00787,0.01673,0.03205,0.05535,0.08613,0.12079,0.15266,0.17386,0.17845,0.16505,0.13759,0.10341,0.0702,0.04343,0.02554,0.01681,0.01681,0.02554,0.04343,0.0702,0.10341,0.13759,0.16505,0.17845,0.17386,0.15266,0.12079,0.08613,0.05535,0.03205,0.01673,0.00787],[0.0041,0.00873,0.01673,0.02888,0.04495,0.06304,0.07967,0.09073,0.09312,0.08613,0.0718,0.05396,0.03663,0.02266,0.01333,0.00877,0.00877,0.01333,0.02266,0.03663,0.05396,0.0718,0.08613,0.09312,0.09073,0.07967,0.06304,0.04495,0.02888,0.01673,0.00873,0.0041],[0.00193,0.0041,0.00787,0.01358,0.02114,0.02964,0.03747,0.04267,0.04379,0.04051,0.03377,0.02538,0.01723,0.01066,0.00627,0.00413,0.00413,0.00627,0.01066,0.01723,0.02538,0.03377,0.04051,0.04379,0.04267,0.03747,0.02964,0.02114,0.01358,0.00787,0.0041,0.00193]]}]}}