{"id":"poisson_gauss_2","name":"Poisson–Gauss (2 sources, unknown soln.)","known":false,"pde_latex":"-\\nabla^2 u = F(x,y),\\quad F=\\sum_{k=1}^{2} e^{-\\|x-c_k\\|^2/(2\\sigma^2)}","domain_latex":"(x,y)\\in[0,1]^2,\\quad \\sigma=0.1","ansatz_latex":"u(x,y) = \\sum_{k=1}^{3} a_k\\,\\psi_k(x,y)\\,\\varphi_k(x,y)","solution_latex":"u_{\\text{SIGS}}(x,y) = \\sin(\\pi x)\\sin(\\pi y)\\!\\!\\sum_{k=1}^{3} a_k\\exp\\!\\left(\\!-\\frac{(x-x_k)^2+(y-y_k)^2}{2\\sigma_k^2}\\right)","note":"No known closed-form solution. SIGS provides a symbolic approximation; reference is FEM (FEniCS, 100×100 mesh, P2 elements).","figure":null,"figure_caption":"Source F (2 Gaussian centers), FEM reference, and SIGS symbolic approximation.","metrics":{"Rel. L² vs FEM":"~2.66%","Wall-clock (s)":85},"baseline":[{"method":"SIGS","error":"2.66% vs FEM","time_sec":85},{"method":"HD-TLGP (P1)","error":"DNF†","time_sec":7207},{"method":"HD-TLGP (P2)","error":"DNF†","time_sec":5836.3}],"plots":{"type":"heatmap","x":[0,0.032258,0.064516,0.096774,0.129032,0.16129,0.193548,0.225806,0.258065,0.290323,0.322581,0.354839,0.387097,0.419355,0.451613,0.483871,0.516129,0.548387,0.580645,0.612903,0.645161,0.677419,0.709677,0.741935,0.774194,0.806452,0.83871,0.870968,0.903226,0.935484,0.967742,1],"y":[0,0.032258,0.064516,0.096774,0.129032,0.16129,0.193548,0.225806,0.258065,0.290323,0.322581,0.354839,0.387097,0.419355,0.451613,0.483871,0.516129,0.548387,0.580645,0.612903,0.645161,0.677419,0.709677,0.741935,0.774194,0.806452,0.83871,0.870968,0.903226,0.935484,0.967742,1],"fields":[{"label":"SIGS approx.","z":[[0,0,0,0,0,0,0,0,0,0,0,0,0,0,0,0,0,0,0,0,0,0,0,0,0,0,0,0,0,0,0,0],[0,0.00006,0.00014,0.00023,0.00034,0.00046,0.0006,0.00075,0.00091,0.00108,0.00124,0.00141,0.00156,0.0017,0.00182,0.00191,0.00198,0.00201,0.00201,0.00197,0.0019,0.00179,0.00166,0.00149,0.00131,0.00111,0.00091,0.0007,0.00051,0.00032,0.00015,0],[0,0.00014,0.00031,0.00052,0.00076,0.00103,0.00133,0.00166,0.00201,0.00236,0.00272,0.00307,0.0034,0.0037,0.00396,0.00415,0.00429,0.00436,0.00435,0.00426,0.00409,0.00386,0.00356,0.0032,0.00281,0.00238,0.00194,0.00151,0.00108,0.00068,0.00032,0],[0,0.00023,0.00052,0.00086,0.00125,0.0017,0.00219,0.00272,0.00328,0.00386,0.00444,0.00499,0.00552,0.00599,0.00638,0.00669,0.0069,0.00699,0.00697,0.00681,0.00654,0.00616,0.00567,0.0051,0.00447,0.00379,0.00309,0.00239,0.00171,0.00108,0.00051,0],[0,0.00034,0.00076,0.00125,0.00182,0.00247,0.00318,0.00394,0.00473,0.00555,0.00636,0.00714,0.00787,0.00852,0.00907,0.00949,0.00976,0.00988,0.00982,0.00959,0.0092,0.00865,0.00796,0.00715,0.00625,0.0053,0.00431,0.00333,0.00239,0.00151,0.0007,0],[0,0.00046,0.00103,0.0017,0.00247,0.00333,0.00427,0.00528,0.00633,0.0074,0.00846,0.00948,0.01043,0.01126,0.01196,0.01249,0.01282,0.01295,0.01285,0.01253,0.012,0.01126,0.01035,0.00928,0.00811,0.00686,0.00558,0.00431,0.00309,0.00194,0.00091,0],[0,0.0006,0.00133,0.00219,0.00318,0.00427,0.00547,0.00674,0.00806,0.0094,0.01072,0.01197,0.01313,0.01415,0.01499,0.01562,0.016,0.01612,0.01597,0.01555,0.01486,0.01393,0.01278,0.01145,0.00999,0.00844,0.00686,0.0053,0.00379,0.00238,0.00111,0],[0,0.00075,0.00166,0.00272,0.00394,0.00528,0.00674,0.00828,0.00988,0.01149,0.01306,0.01456,0.01593,0.01712,0.01809,0.0188,0.01922,0.01933,0.01911,0.01857,0.01771,0.01657,0.01518,0.01358,0.01183,0.00999,0.00811,0.00625,0.00447,0.00281,0.00131,0],[0,0.00091,0.00201,0.00328,0.00473,0.00633,0.00806,0.00988,0.01175,0.01363,0.01545,0.01717,0.01874,0.02009,0.02117,0.02195,0.02239,0.02246,0.02216,0.02149,0.02046,0.01911,0.01748,0.01561,0.01358,0.01145,0.00928,0.00715,0.0051,0.0032,0.00149,0],[0,0.00108,0.00236,0.00386,0.00555,0.0074,0.0094,0.01149,0.01363,0.01575,0.01782,0.01975,0.02149,0.02297,0.02415,0.02498,0.02542,0.02544,0.02505,0.02423,0.02303,0.02146,0.01959,0.01748,0.01518,0.01278,0.01035,0.00796,0.00567,0.00356,0.00166,0],[0,0.00124,0.00272,0.00444,0.00636,0.00846,0.01072,0.01306,0.01545,0.01782,0.02009,0.02221,0.0241,0.0257,0.02694,0.02779,0.02821,0.02817,0.02766,0.02671,0.02533,0.02356,0.02146,0.01911,0.01657,0.01393,0.01126,0.00865,0.00616,0.00386,0.00179,0],[0,0.00141,0.00307,0.00499,0.00714,0.00948,0.01197,0.01456,0.01717,0.01975,0.02221,0.02448,0.02649,0.02817,0.02946,0.03031,0.03068,0.03056,0.02994,0.02884,0.02728,0.02533,0.02303,0.02046,0.01771,0.01486,0.012,0.0092,0.00654,0.00409,0.0019,0],[0,0.00156,0.0034,0.00552,0.00787,0.01043,0.01313,0.01593,0.01874,0.02149,0.0241,0.02649,0.02859,0.03031,0.03161,0.03244,0.03275,0.03254,0.0318,0.03055,0.02884,0.02671,0.02423,0.02149,0.01857,0.01555,0.01253,0.00959,0.00681,0.00426,0.00197,0],[0,0.0017,0.0037,0.00599,0.00852,0.01126,0.01415,0.01712,0.02009,0.02297,0.0257,0.02817,0.03031,0.03206,0.03334,0.03411,0.03435,0.03403,0.03317,0.0318,0.02994,0.02766,0.02505,0.02216,0.01911,0.01597,0.01285,0.00982,0.00697,0.00435,0.00201,0],[0,0.00182,0.00396,0.00638,0.00907,0.01196,0.01499,0.01809,0.02117,0.02415,0.02694,0.02946,0.03161,0.03334,0.03458,0.03528,0.03543,0.03501,0.03403,0.03254,0.03056,0.02817,0.02544,0.02246,0.01933,0.01612,0.01295,0.00988,0.00699,0.00436,0.00201,0],[0,0.00191,0.00415,0.00669,0.00949,0.01249,0.01562,0.0188,0.02195,0.02498,0.02779,0.03031,0.03244,0.03411,0.03528,0.0359,0.03595,0.03543,0.03435,0.03275,0.03068,0.02821,0.02542,0.02239,0.01922,0.016,0.01282,0.00976,0.0069,0.00429,0.00198,0],[0,0.00198,0.00429,0.0069,0.00976,0.01282,0.016,0.01922,0.02239,0.02542,0.02821,0.03068,0.03275,0.03435,0.03543,0.03595,0.0359,0.03528,0.03411,0.03244,0.03031,0.02779,0.02498,0.02195,0.0188,0.01562,0.01249,0.00949,0.00669,0.00415,0.00191,0],[0,0.00201,0.00436,0.00699,0.00988,0.01295,0.01612,0.01933,0.02246,0.02544,0.02817,0.03056,0.03254,0.03403,0.03501,0.03543,0.03528,0.03458,0.03334,0.03161,0.02946,0.02694,0.02415,0.02117,0.01809,0.01499,0.01196,0.00907,0.00638,0.00396,0.00182,0],[0,0.00201,0.00435,0.00697,0.00982,0.01285,0.01597,0.01911,0.02216,0.02505,0.02766,0.02994,0.0318,0.03317,0.03403,0.03435,0.03411,0.03334,0.03206,0.03031,0.02817,0.0257,0.02297,0.02009,0.01712,0.01415,0.01126,0.00852,0.00599,0.0037,0.0017,0],[0,0.00197,0.00426,0.00681,0.00959,0.01253,0.01555,0.01857,0.02149,0.02423,0.02671,0.02884,0.03055,0.0318,0.03254,0.03275,0.03244,0.03161,0.03031,0.02859,0.02649,0.0241,0.02149,0.01874,0.01593,0.01313,0.01043,0.00787,0.00552,0.0034,0.00156,0],[0,0.0019,0.00409,0.00654,0.0092,0.012,0.01486,0.01771,0.02046,0.02303,0.02533,0.02728,0.02884,0.02994,0.03056,0.03068,0.03031,0.02946,0.02817,0.02649,0.02448,0.02221,0.01975,0.01717,0.01456,0.01197,0.00948,0.00714,0.00499,0.00307,0.00141,0],[0,0.00179,0.00386,0.00616,0.00865,0.01126,0.01393,0.01657,0.01911,0.02146,0.02356,0.02533,0.02671,0.02766,0.02817,0.02821,0.02779,0.02694,0.0257,0.0241,0.02221,0.02009,0.01782,0.01545,0.01306,0.01072,0.00846,0.00636,0.00444,0.00272,0.00124,0],[0,0.00166,0.00356,0.00567,0.00796,0.01035,0.01278,0.01518,0.01748,0.01959,0.02146,0.02303,0.02423,0.02505,0.02544,0.02542,0.02498,0.02415,0.02297,0.02149,0.01975,0.01782,0.01575,0.01363,0.01149,0.0094,0.0074,0.00555,0.00386,0.00236,0.00108,0],[0,0.00149,0.0032,0.0051,0.00715,0.00928,0.01145,0.01358,0.01561,0.01748,0.01911,0.02046,0.02149,0.02216,0.02246,0.02239,0.02195,0.02117,0.02009,0.01874,0.01717,0.01545,0.01363,0.01175,0.00988,0.00806,0.00633,0.00473,0.00328,0.00201,0.00091,0],[0,0.00131,0.00281,0.00447,0.00625,0.00811,0.00999,0.01183,0.01358,0.01518,0.01657,0.01771,0.01857,0.01911,0.01933,0.01922,0.0188,0.01809,0.01712,0.01593,0.01456,0.01306,0.01149,0.00988,0.00828,0.00674,0.00528,0.00394,0.00272,0.00166,0.00075,0],[0,0.00111,0.00238,0.00379,0.0053,0.00686,0.00844,0.00999,0.01145,0.01278,0.01393,0.01486,0.01555,0.01597,0.01612,0.016,0.01562,0.01499,0.01415,0.01313,0.01197,0.01072,0.0094,0.00806,0.00674,0.00547,0.00427,0.00318,0.00219,0.00133,0.0006,0],[0,0.00091,0.00194,0.00309,0.00431,0.00558,0.00686,0.00811,0.00928,0.01035,0.01126,0.012,0.01253,0.01285,0.01295,0.01282,0.01249,0.01196,0.01126,0.01043,0.00948,0.00846,0.0074,0.00633,0.00528,0.00427,0.00333,0.00247,0.0017,0.00103,0.00046,0],[0,0.0007,0.00151,0.00239,0.00333,0.00431,0.0053,0.00625,0.00715,0.00796,0.00865,0.0092,0.00959,0.00982,0.00988,0.00976,0.00949,0.00907,0.00852,0.00787,0.00714,0.00636,0.00555,0.00473,0.00394,0.00318,0.00247,0.00182,0.00125,0.00076,0.00034,0],[0,0.00051,0.00108,0.00171,0.00239,0.00309,0.00379,0.00447,0.0051,0.00567,0.00616,0.00654,0.00681,0.00697,0.00699,0.0069,0.00669,0.00638,0.00599,0.00552,0.00499,0.00444,0.00386,0.00328,0.00272,0.00219,0.0017,0.00125,0.00086,0.00052,0.00023,0],[0,0.00032,0.00068,0.00108,0.00151,0.00194,0.00238,0.00281,0.0032,0.00356,0.00386,0.00409,0.00426,0.00435,0.00436,0.00429,0.00415,0.00396,0.0037,0.0034,0.00307,0.00272,0.00236,0.00201,0.00166,0.00133,0.00103,0.00076,0.00052,0.00031,0.00014,0],[0,0.00015,0.00032,0.00051,0.0007,0.00091,0.00111,0.00131,0.00149,0.00166,0.00179,0.0019,0.00197,0.00201,0.00201,0.00198,0.00191,0.00182,0.0017,0.00156,0.00141,0.00124,0.00108,0.00091,0.00075,0.0006,0.00046,0.00034,0.00023,0.00014,0.00006,0],[0,0,0,0,0,0,0,0,0,0,0,0,0,0,0,0,0,0,0,0,0,0,0,0,0,0,0,0,0,0,0,0]]},{"label":"Source F(x,y)","z":[[0,0,0,0,0,0,0,0,0,0,0.00001,0.00003,0.00008,0.00022,0.00051,0.00107,0.00205,0.00352,0.00545,0.0076,0.00956,0.01083,0.01106,0.01017,0.00844,0.0063,0.00424,0.00258,0.00141,0.00069,0.00031,0.00012],[0,0,0,0,0,0,0,0,0,0.00001,0.00002,0.00007,0.00021,0.00054,0.00127,0.00269,0.00512,0.00879,0.01362,0.01899,0.02388,0.02706,0.02763,0.02542,0.02108,0.01575,0.01061,0.00644,0.00352,0.00173,0.00077,0.00031],[0,0,0,0,0,0,0,0,0,0.00001,0.00005,0.00016,0.00047,0.00122,0.00286,0.00605,0.01153,0.0198,0.03066,0.04277,0.05377,0.06092,0.06221,0.05724,0.04746,0.03546,0.02388,0.01449,0.00793,0.00391,0.00173,0.00069],[0,0,0,0,0,0,0,0,0.00001,0.00003,0.0001,0.00033,0.00095,0.00247,0.0058,0.01227,0.02339,0.04018,0.0622,0.08678,0.10911,0.12362,0.12622,0.11614,0.0963,0.07196,0.04846,0.02941,0.01608,0.00793,0.00352,0.00141],[0,0,0,0,0,0,0,0,0.00001,0.00005,0.00019,0.0006,0.00173,0.00452,0.01061,0.02244,0.04277,0.07347,0.11375,0.15869,0.19951,0.22605,0.2308,0.21237,0.17609,0.13158,0.08861,0.05377,0.02941,0.01449,0.00644,0.00258],[0,0,0,0,0,0,0,0.00001,0.00002,0.00009,0.00031,0.00099,0.00286,0.00745,0.01748,0.03697,0.07048,0.12107,0.18744,0.2615,0.32877,0.3725,0.38033,0.34996,0.29018,0.21683,0.14601,0.08861,0.04846,0.02388,0.01061,0.00424],[0,0,0,0,0,0,0,0.00001,0.00004,0.00013,0.00046,0.00147,0.00425,0.01106,0.02596,0.0549,0.10466,0.1798,0.27835,0.38833,0.48823,0.55317,0.5648,0.51969,0.43092,0.322,0.21683,0.13158,0.07196,0.03546,0.01575,0.0063],[0,0,0,0,0,0.00001,0.00001,0.00002,0.00006,0.00019,0.00063,0.00198,0.00569,0.0148,0.03474,0.07348,0.14006,0.24061,0.3725,0.51969,0.65338,0.74028,0.75584,0.69547,0.57668,0.43092,0.29018,0.17609,0.0963,0.04746,0.02108,0.00844],[0,0,0,0.00001,0.00001,0.00002,0.00004,0.00006,0.00011,0.00026,0.00079,0.00242,0.00689,0.01787,0.04191,0.08862,0.16892,0.29018,0.44924,0.62674,0.78797,0.89277,0.91155,0.83874,0.69547,0.51969,0.34996,0.21237,0.11614,0.05724,0.02542,0.01017],[0,0.00001,0.00001,0.00003,0.00005,0.00009,0.00013,0.00019,0.00026,0.00045,0.00102,0.00277,0.0076,0.01951,0.0456,0.09634,0.1836,0.31538,0.48824,0.68115,0.85637,0.97027,0.99068,0.91155,0.75584,0.5648,0.38033,0.2308,0.12622,0.06221,0.02763,0.01106],[0.00001,0.00002,0.00005,0.0001,0.00019,0.00031,0.00046,0.00063,0.00079,0.00102,0.00157,0.00322,0.00784,0.01939,0.04484,0.09447,0.17988,0.30891,0.47819,0.66712,0.83874,0.95029,0.97027,0.89277,0.74028,0.55317,0.3725,0.22605,0.12362,0.06092,0.02706,0.01083],[0.00003,0.00007,0.00016,0.00033,0.0006,0.00099,0.00147,0.00198,0.00242,0.00277,0.00322,0.00445,0.00821,0.01803,0.04017,0.08372,0.15894,0.27273,0.42209,0.58882,0.74028,0.83874,0.85637,0.78797,0.65338,0.48823,0.32877,0.19951,0.10911,0.05377,0.02388,0.00956],[0.00008,0.00021,0.00047,0.00095,0.00173,0.00286,0.00425,0.00569,0.00689,0.0076,0.00784,0.00821,0.01024,0.017,0.03367,0.06759,0.12694,0.21718,0.33583,0.46838,0.58882,0.66712,0.68115,0.62674,0.51969,0.38833,0.2615,0.15869,0.08678,0.04277,0.01899,0.0076],[0.00022,0.00054,0.00122,0.00247,0.00452,0.00745,0.01106,0.0148,0.01787,0.01951,0.01939,0.01803,0.017,0.01912,0.02861,0.05105,0.09236,0.15631,0.24099,0.33583,0.42209,0.47819,0.48824,0.44924,0.3725,0.27835,0.18744,0.11375,0.0622,0.03066,0.01362,0.00545],[0.00051,0.00127,0.00286,0.0058,0.01061,0.01748,0.02596,0.03474,0.04191,0.0456,0.04484,0.04017,0.03367,0.02861,0.02898,0.03909,0.06287,0.10249,0.15631,0.21718,0.27273,0.30891,0.31538,0.29018,0.24061,0.1798,0.12107,0.07347,0.04018,0.0198,0.00879,0.00352],[0.00107,0.00269,0.00605,0.01227,0.02244,0.03697,0.0549,0.07348,0.08862,0.09634,0.09447,0.08372,0.06759,0.05105,0.03909,0.03569,0.04338,0.06287,0.09236,0.12694,0.15894,0.17988,0.1836,0.16892,0.14006,0.10466,0.07048,0.04277,0.02339,0.01153,0.00512,0.00205],[0.00205,0.00512,0.01153,0.02339,0.04277,0.07048,0.10466,0.14006,0.16892,0.1836,0.17988,0.15894,0.12694,0.09236,0.06287,0.04338,0.03569,0.03909,0.05105,0.06759,0.08372,0.09447,0.09634,0.08862,0.07348,0.0549,0.03697,0.02244,0.01227,0.00605,0.00269,0.00107],[0.00352,0.00879,0.0198,0.04018,0.07347,0.12107,0.1798,0.24061,0.29018,0.31538,0.30891,0.27273,0.21718,0.15631,0.10249,0.06287,0.03909,0.02898,0.02861,0.03367,0.04017,0.04484,0.0456,0.04191,0.03474,0.02596,0.01748,0.01061,0.0058,0.00286,0.00127,0.00051],[0.00545,0.01362,0.03066,0.0622,0.11375,0.18744,0.27835,0.3725,0.44924,0.48824,0.47819,0.42209,0.33583,0.24099,0.15631,0.09236,0.05105,0.02861,0.01912,0.017,0.01803,0.01939,0.01951,0.01787,0.0148,0.01106,0.00745,0.00452,0.00247,0.00122,0.00054,0.00022],[0.0076,0.01899,0.04277,0.08678,0.15869,0.2615,0.38833,0.51969,0.62674,0.68115,0.66712,0.58882,0.46838,0.33583,0.21718,0.12694,0.06759,0.03367,0.017,0.01024,0.00821,0.00784,0.0076,0.00689,0.00569,0.00425,0.00286,0.00173,0.00095,0.00047,0.00021,0.00008],[0.00956,0.02388,0.05377,0.10911,0.19951,0.32877,0.48823,0.65338,0.78797,0.85637,0.83874,0.74028,0.58882,0.42209,0.27273,0.15894,0.08372,0.04017,0.01803,0.00821,0.00445,0.00322,0.00277,0.00242,0.00198,0.00147,0.00099,0.0006,0.00033,0.00016,0.00007,0.00003],[0.01083,0.02706,0.06092,0.12362,0.22605,0.3725,0.55317,0.74028,0.89277,0.97027,0.95029,0.83874,0.66712,0.47819,0.30891,0.17988,0.09447,0.04484,0.01939,0.00784,0.00322,0.00157,0.00102,0.00079,0.00063,0.00046,0.00031,0.00019,0.0001,0.00005,0.00002,0.00001],[0.01106,0.02763,0.06221,0.12622,0.2308,0.38033,0.5648,0.75584,0.91155,0.99068,0.97027,0.85637,0.68115,0.48824,0.31538,0.1836,0.09634,0.0456,0.01951,0.0076,0.00277,0.00102,0.00045,0.00026,0.00019,0.00013,0.00009,0.00005,0.00003,0.00001,0.00001,0],[0.01017,0.02542,0.05724,0.11614,0.21237,0.34996,0.51969,0.69547,0.83874,0.91155,0.89277,0.78797,0.62674,0.44924,0.29018,0.16892,0.08862,0.04191,0.01787,0.00689,0.00242,0.00079,0.00026,0.00011,0.00006,0.00004,0.00002,0.00001,0.00001,0,0,0],[0.00844,0.02108,0.04746,0.0963,0.17609,0.29018,0.43092,0.57668,0.69547,0.75584,0.74028,0.65338,0.51969,0.3725,0.24061,0.14006,0.07348,0.03474,0.0148,0.00569,0.00198,0.00063,0.00019,0.00006,0.00002,0.00001,0.00001,0,0,0,0,0],[0.0063,0.01575,0.03546,0.07196,0.13158,0.21683,0.322,0.43092,0.51969,0.5648,0.55317,0.48823,0.38833,0.27835,0.1798,0.10466,0.0549,0.02596,0.01106,0.00425,0.00147,0.00046,0.00013,0.00004,0.00001,0,0,0,0,0,0,0],[0.00424,0.01061,0.02388,0.04846,0.08861,0.14601,0.21683,0.29018,0.34996,0.38033,0.3725,0.32877,0.2615,0.18744,0.12107,0.07048,0.03697,0.01748,0.00745,0.00286,0.00099,0.00031,0.00009,0.00002,0.00001,0,0,0,0,0,0,0],[0.00258,0.00644,0.01449,0.02941,0.05377,0.08861,0.13158,0.17609,0.21237,0.2308,0.22605,0.19951,0.15869,0.11375,0.07347,0.04277,0.02244,0.01061,0.00452,0.00173,0.0006,0.00019,0.00005,0.00001,0,0,0,0,0,0,0,0],[0.00141,0.00352,0.00793,0.01608,0.02941,0.04846,0.07196,0.0963,0.11614,0.12622,0.12362,0.10911,0.08678,0.0622,0.04018,0.02339,0.01227,0.0058,0.00247,0.00095,0.00033,0.0001,0.00003,0.00001,0,0,0,0,0,0,0,0],[0.00069,0.00173,0.00391,0.00793,0.01449,0.02388,0.03546,0.04746,0.05724,0.06221,0.06092,0.05377,0.04277,0.03066,0.0198,0.01153,0.00605,0.00286,0.00122,0.00047,0.00016,0.00005,0.00001,0,0,0,0,0,0,0,0,0],[0.00031,0.00077,0.00173,0.00352,0.00644,0.01061,0.01575,0.02108,0.02542,0.02763,0.02706,0.02388,0.01899,0.01362,0.00879,0.00512,0.00269,0.00127,0.00054,0.00021,0.00007,0.00002,0.00001,0,0,0,0,0,0,0,0,0],[0.00012,0.00031,0.00069,0.00141,0.00258,0.00424,0.0063,0.00844,0.01017,0.01106,0.01083,0.00956,0.0076,0.00545,0.00352,0.00205,0.00107,0.00051,0.00022,0.00008,0.00003,0.00001,0,0,0,0,0,0,0,0,0,0]]}]}}