{"id":"swe","name":"Shallow Water Equations (2+1D system)","known":true,"pde_latex":"\\partial_t\\rho + \\nabla\\!\\cdot(\\rho\\mathbf{u}) = 0,\\quad \\partial_t(\\rho\\mathbf{u}) + \\nabla\\!\\cdot(\\rho\\mathbf{u}\\otimes\\mathbf{u}) + g\\nabla\\rho = 0","domain_latex":"(x,y)\\in[-10,10]^2,\\; t\\in[0,5],\\quad g=9.81,\\text{ periodic BCs}","ansatz_latex":"\\rho=\\psi_1\\psi_2 T(t),\\quad u=\\psi_3(x,y,t)\\rho,\\quad v=\\psi_4(x,y,t)\\rho","solution_latex":"\\rho(x,y,t) = 1 + h\\exp\\!\\left(-\\tfrac{r}{w(1+t)}\\right)\\cos\\!\\bigl(k\\sqrt{r}-ct\\bigr)e^{-\\alpha t},\\quad r=(x-x_0)^2+(y-y_0)^2","note":"Coupled nonlinear system. SIGS is the first symbolic method to solve such systems. HD-TLGP and SSDE fail due to combinatorial explosion.","figure":"/assets/sigs_u.png","figure_caption":"SIGS-discovered x-velocity field u(x,y,t) for the Shallow Water Equations at three time snapshots.","metrics":{"Rel. L² error (ρ)":"<0.05%","Wall-clock":"~3 min"},"baseline":[{"method":"SIGS","error":"<0.05%","time_sec":"~180"},{"method":"HD-TLGP","error":"DNF†","time_sec":">3600"},{"method":"SSDE","error":"DNF†","time_sec":">3600"}],"plots":{"type":"multi_animated_heatmap","field_names":["ρ (density)","u (x-vel)","v (y-vel)"],"colorbar_labels":["ρ(x,y,t)","u(x,y,t)","v(x,y,t)"],"x":[-5,-4.375,-3.75,-3.125,-2.5,-1.875,-1.25,-0.625,0,0.625,1.25,1.875,2.5,3.125,3.75,4.375,5],"y":[-5,-4.375,-3.75,-3.125,-2.5,-1.875,-1.25,-0.625,0,0.625,1.25,1.875,2.5,3.125,3.75,4.375,5],"t_labels":["t = 0.0","t = 0.2","t = 0.4","t = 0.6","t = 0.8","t = 1.0","t = 1.2","t = 1.4","t = 1.6","t = 1.8","t = 2.0"],"data":[[[[1.02275,1.0264,1.02613,1.02168,1.01393,1.00465,0.99601,0.98995,0.98778,0.98995,0.99601,1.00465,1.01393,1.02168,1.02613,1.0264,1.02275],[1.0264,1.02566,1.01876,1.00617,0.98995,0.97316,0.95891,0.94952,0.94627,0.94952,0.95891,0.97316,0.98995,1.00617,1.01876,1.02566,1.0264],[1.02613,1.01876,1.00306,0.98082,0.95585,0.93273,0.91505,0.90447,0.90102,0.90447,0.91505,0.93273,0.95585,0.98082,1.00306,1.01876,1.02613],[1.02168,1.00617,0.98082,0.94952,0.91861,0.89433,0.87982,0.87379,0.87245,0.87379,0.87982,0.89433,0.91861,0.94952,0.98082,1.00617,1.02168],[1.01393,0.98995,0.95585,0.91861,0.88804,0.87245,0.87329,0.88263,0.88783,0.88263,0.87329,0.87245,0.88804,0.91861,0.95585,0.98995,1.01393],[1.00465,0.97316,0.93273,0.89433,0.87245,0.87855,0.91191,0.95333,0.97246,0.95333,0.91191,0.87855,0.87245,0.89433,0.93273,0.97316,1.00465],[0.99601,0.95891,0.91505,0.87982,0.87329,0.91191,0.99499,1.0903,1.13512,1.0903,0.99499,0.91191,0.87329,0.87982,0.91505,0.95891,0.99601],[0.98995,0.94952,0.90447,0.87379,0.88263,0.95333,1.0903,1.25863,1.3512,1.25863,1.0903,0.95333,0.88263,0.87379,0.90447,0.94952,0.98995],[0.98778,0.94627,0.90102,0.87245,0.88783,0.97246,1.13512,1.3512,1.54975,1.3512,1.13512,0.97246,0.88783,0.87245,0.90102,0.94627,0.98778],[0.98995,0.94952,0.90447,0.87379,0.88263,0.95333,1.0903,1.25863,1.3512,1.25863,1.0903,0.95333,0.88263,0.87379,0.90447,0.94952,0.98995],[0.99601,0.95891,0.91505,0.87982,0.87329,0.91191,0.99499,1.0903,1.13512,1.0903,0.99499,0.91191,0.87329,0.87982,0.91505,0.95891,0.99601],[1.00465,0.97316,0.93273,0.89433,0.87245,0.87855,0.91191,0.95333,0.97246,0.95333,0.91191,0.87855,0.87245,0.89433,0.93273,0.97316,1.00465],[1.01393,0.98995,0.95585,0.91861,0.88804,0.87245,0.87329,0.88263,0.88783,0.88263,0.87329,0.87245,0.88804,0.91861,0.95585,0.98995,1.01393],[1.02168,1.00617,0.98082,0.94952,0.91861,0.89433,0.87982,0.87379,0.87245,0.87379,0.87982,0.89433,0.91861,0.94952,0.98082,1.00617,1.02168],[1.02613,1.01876,1.00306,0.98082,0.95585,0.93273,0.91505,0.90447,0.90102,0.90447,0.91505,0.93273,0.95585,0.98082,1.00306,1.01876,1.02613],[1.0264,1.02566,1.01876,1.00617,0.98995,0.97316,0.95891,0.94952,0.94627,0.94952,0.95891,0.97316,0.98995,1.00617,1.01876,1.02566,1.0264],[1.02275,1.0264,1.02613,1.02168,1.01393,1.00465,0.99601,0.98995,0.98778,0.98995,0.99601,1.00465,1.01393,1.02168,1.02613,1.0264,1.02275]],[[1.01867,1.01566,1.00858,0.99829,0.98646,0.97507,0.96583,0.95992,0.9579,0.95992,0.96583,0.97507,0.98646,0.99829,1.00858,1.01566,1.01867],[1.01566,1.00703,0.99343,0.97681,0.95992,0.94539,0.93487,0.92877,0.92682,0.92877,0.93487,0.94539,0.95992,0.97681,0.99343,1.00703,1.01566],[1.00858,0.99343,0.97329,0.95171,0.93281,0.91958,0.91266,0.91026,0.90986,0.91026,0.91266,0.91958,0.93281,0.95171,0.97329,0.99343,1.00858],[0.99829,0.97681,0.95171,0.92877,0.91379,0.90976,0.91483,0.92273,0.9264,0.92273,0.91483,0.90976,0.91379,0.92877,0.95171,0.97681,0.99829],[0.98646,0.95992,0.93281,0.91379,0.91077,0.9264,0.95474,0.98199,0.99325,0.98199,0.95474,0.9264,0.91077,0.91379,0.93281,0.95992,0.98646],[0.97507,0.94539,0.91958,0.90976,0.9264,0.97188,1.03496,1.09128,1.11403,1.09128,1.03496,0.97188,0.9264,0.90976,0.91958,0.94539,0.97507],[0.96583,0.93487,0.91266,0.91483,0.95474,1.03496,1.1391,1.23059,1.26744,1.23059,1.1391,1.03496,0.95474,0.91483,0.91266,0.93487,0.96583],[0.95992,0.92877,0.91026,0.92273,0.98199,1.09128,1.23059,1.35214,1.39928,1.35214,1.23059,1.09128,0.98199,0.92273,0.91026,0.92877,0.95992],[0.9579,0.92682,0.90986,0.9264,0.99325,1.11403,1.26744,1.39928,1.42565,1.39928,1.26744,1.11403,0.99325,0.9264,0.90986,0.92682,0.9579],[0.95992,0.92877,0.91026,0.92273,0.98199,1.09128,1.23059,1.35214,1.39928,1.35214,1.23059,1.09128,0.98199,0.92273,0.91026,0.92877,0.95992],[0.96583,0.93487,0.91266,0.91483,0.95474,1.03496,1.1391,1.23059,1.26744,1.23059,1.1391,1.03496,0.95474,0.91483,0.91266,0.93487,0.96583],[0.97507,0.94539,0.91958,0.90976,0.9264,0.97188,1.03496,1.09128,1.11403,1.09128,1.03496,0.97188,0.9264,0.90976,0.91958,0.94539,0.97507],[0.98646,0.95992,0.93281,0.91379,0.91077,0.9264,0.95474,0.98199,0.99325,0.98199,0.95474,0.9264,0.91077,0.91379,0.93281,0.95992,0.98646],[0.99829,0.97681,0.95171,0.92877,0.91379,0.90976,0.91483,0.92273,0.9264,0.92273,0.91483,0.90976,0.91379,0.92877,0.95171,0.97681,0.99829],[1.00858,0.99343,0.97329,0.95171,0.93281,0.91958,0.91266,0.91026,0.90986,0.91026,0.91266,0.91958,0.93281,0.95171,0.97329,0.99343,1.00858],[1.01566,1.00703,0.99343,0.97681,0.95992,0.94539,0.93487,0.92877,0.92682,0.92877,0.93487,0.94539,0.95992,0.97681,0.99343,1.00703,1.01566],[1.01867,1.01566,1.00858,0.99829,0.98646,0.97507,0.96583,0.95992,0.9579,0.95992,0.96583,0.97507,0.98646,0.99829,1.00858,1.01566,1.01867]],[[1.00771,0.99967,0.98896,0.97718,0.96609,0.95709,0.95085,0.94733,0.94622,0.94733,0.95085,0.95709,0.96609,0.97718,0.98896,0.99967,1.00771],[0.99967,0.98699,0.97237,0.95837,0.94733,0.94047,0.93744,0.93675,0.93675,0.93675,0.93744,0.94047,0.94733,0.95837,0.97237,0.98699,0.99967],[0.98896,0.97237,0.95581,0.94312,0.9371,0.93816,0.94389,0.95003,0.95261,0.95003,0.94389,0.93816,0.9371,0.94312,0.95581,0.97237,0.98896],[0.97718,0.95837,0.94312,0.93675,0.94233,0.95869,0.98003,0.99788,1.0048,0.99788,0.98003,0.95869,0.94233,0.93675,0.94312,0.95837,0.97718],[0.96609,0.94733,0.9371,0.94233,0.9661,1.0048,1.04786,1.08135,1.09393,1.08135,1.04786,1.0048,0.9661,0.94233,0.9371,0.94733,0.96609],[0.95709,0.94047,0.93816,0.95869,1.0048,1.0695,1.13607,1.18468,1.20209,1.18468,1.13607,1.0695,1.0048,0.95869,0.93816,0.94047,0.95709],[0.95085,0.93744,0.94389,0.98003,1.04786,1.13607,1.21992,1.27281,1.28811,1.27281,1.21992,1.13607,1.04786,0.98003,0.94389,0.93744,0.95085],[0.94733,0.93675,0.95003,0.99788,1.08135,1.18468,1.27281,1.30426,1.29107,1.30426,1.27281,1.18468,1.08135,0.99788,0.95003,0.93675,0.94733],[0.94622,0.93675,0.95261,1.0048,1.09393,1.20209,1.28811,1.29107,1.14711,1.29107,1.28811,1.20209,1.09393,1.0048,0.95261,0.93675,0.94622],[0.94733,0.93675,0.95003,0.99788,1.08135,1.18468,1.27281,1.30426,1.29107,1.30426,1.27281,1.18468,1.08135,0.99788,0.95003,0.93675,0.94733],[0.95085,0.93744,0.94389,0.98003,1.04786,1.13607,1.21992,1.27281,1.28811,1.27281,1.21992,1.13607,1.04786,0.98003,0.94389,0.93744,0.95085],[0.95709,0.94047,0.93816,0.95869,1.0048,1.0695,1.13607,1.18468,1.20209,1.18468,1.13607,1.0695,1.0048,0.95869,0.93816,0.94047,0.95709],[0.96609,0.94733,0.9371,0.94233,0.9661,1.0048,1.04786,1.08135,1.09393,1.08135,1.04786,1.0048,0.9661,0.94233,0.9371,0.94733,0.96609],[0.97718,0.95837,0.94312,0.93675,0.94233,0.95869,0.98003,0.99788,1.0048,0.99788,0.98003,0.95869,0.94233,0.93675,0.94312,0.95837,0.97718],[0.98896,0.97237,0.95581,0.94312,0.9371,0.93816,0.94389,0.95003,0.95261,0.95003,0.94389,0.93816,0.9371,0.94312,0.95581,0.97237,0.98896],[0.99967,0.98699,0.97237,0.95837,0.94733,0.94047,0.93744,0.93675,0.93675,0.93675,0.93744,0.94047,0.94733,0.95837,0.97237,0.98699,0.99967],[1.00771,0.99967,0.98896,0.97718,0.96609,0.95709,0.95085,0.94733,0.94622,0.94733,0.95085,0.95709,0.96609,0.97718,0.98896,0.99967,1.00771]],[[0.99457,0.98491,0.97493,0.96627,0.96012,0.9568,0.95573,0.95579,0.95596,0.95579,0.95573,0.9568,0.96012,0.96627,0.97493,0.98491,0.99457],[0.98491,0.97334,0.96336,0.95716,0.95579,0.95869,0.9638,0.9684,0.97022,0.9684,0.9638,0.95869,0.95579,0.95716,0.96336,0.97334,0.98491],[0.97493,0.96336,0.95648,0.95692,0.96519,0.97914,0.99444,1.00617,1.01055,1.00617,0.99444,0.97914,0.96519,0.95692,0.95648,0.96336,0.97493],[0.96627,0.95716,0.95692,0.9684,0.99097,1.02005,1.04836,1.06861,1.07591,1.06861,1.04836,1.02005,0.99097,0.9684,0.95692,0.95716,0.96627],[0.96012,0.95579,0.96519,0.99097,1.03057,1.07591,1.11618,1.14265,1.15163,1.14265,1.11618,1.07591,1.03057,0.99097,0.96519,0.95579,0.96012],[0.9568,0.95869,0.97914,1.02005,1.07591,1.13371,1.17804,1.20084,1.20662,1.20084,1.17804,1.13371,1.07591,1.02005,0.97914,0.95869,0.9568],[0.95573,0.9638,0.99444,1.04836,1.11618,1.17804,1.21088,1.20759,1.19699,1.20759,1.21088,1.17804,1.11618,1.04836,0.99444,0.9638,0.95573],[0.95579,0.9684,1.00617,1.06861,1.14265,1.20084,1.20759,1.14316,1.07889,1.14316,1.20759,1.20084,1.14265,1.06861,1.00617,0.9684,0.95579],[0.95596,0.97022,1.01055,1.07591,1.15163,1.20662,1.19699,1.07889,0.83158,1.07889,1.19699,1.20662,1.15163,1.07591,1.01055,0.97022,0.95596],[0.95579,0.9684,1.00617,1.06861,1.14265,1.20084,1.20759,1.14316,1.07889,1.14316,1.20759,1.20084,1.14265,1.06861,1.00617,0.9684,0.95579],[0.95573,0.9638,0.99444,1.04836,1.11618,1.17804,1.21088,1.20759,1.19699,1.20759,1.21088,1.17804,1.11618,1.04836,0.99444,0.9638,0.95573],[0.9568,0.95869,0.97914,1.02005,1.07591,1.13371,1.17804,1.20084,1.20662,1.20084,1.17804,1.13371,1.07591,1.02005,0.97914,0.95869,0.9568],[0.96012,0.95579,0.96519,0.99097,1.03057,1.07591,1.11618,1.14265,1.15163,1.14265,1.11618,1.07591,1.03057,0.99097,0.96519,0.95579,0.96012],[0.96627,0.95716,0.95692,0.9684,0.99097,1.02005,1.04836,1.06861,1.07591,1.06861,1.04836,1.02005,0.99097,0.9684,0.95692,0.95716,0.96627],[0.97493,0.96336,0.95648,0.95692,0.96519,0.97914,0.99444,1.00617,1.01055,1.00617,0.99444,0.97914,0.96519,0.95692,0.95648,0.96336,0.97493],[0.98491,0.97334,0.96336,0.95716,0.95579,0.95869,0.9638,0.9684,0.97022,0.9684,0.9638,0.95869,0.95579,0.95716,0.96336,0.97334,0.98491],[0.99457,0.98491,0.97493,0.96627,0.96012,0.9568,0.95573,0.95579,0.95596,0.95579,0.95573,0.9568,0.96012,0.96627,0.97493,0.98491,0.99457]],[[0.98441,0.97696,0.97148,0.96905,0.96984,0.97308,0.97723,0.9806,0.98189,0.9806,0.97723,0.97308,0.96984,0.96905,0.97148,0.97696,0.98441],[0.97696,0.97084,0.96901,0.97244,0.9806,0.99147,1.0022,1.00995,1.01277,1.00995,1.0022,0.99147,0.9806,0.97244,0.96901,0.97084,0.97696],[0.97148,0.96901,0.97377,0.98626,1.00467,1.02526,1.04361,1.05605,1.06042,1.05605,1.04361,1.02526,1.00467,0.98626,0.97377,0.96901,0.97148],[0.96905,0.97244,0.98626,1.00995,1.0397,1.06946,1.09341,1.10815,1.11301,1.10815,1.09341,1.06946,1.0397,1.00995,0.98626,0.97244,0.96905],[0.96984,0.9806,1.00467,1.0397,1.07885,1.11301,1.13525,1.14504,1.14724,1.14504,1.13525,1.11301,1.07885,1.0397,1.00467,0.9806,0.96984],[0.97308,0.99147,1.02526,1.06946,1.11301,1.14224,1.14889,1.13895,1.13169,1.13895,1.14889,1.14224,1.11301,1.06946,1.02526,0.99147,0.97308],[0.97723,1.0022,1.04361,1.09341,1.13525,1.14889,1.12169,1.06738,1.03674,1.06738,1.12169,1.14889,1.13525,1.09341,1.04361,1.0022,0.97723],[0.9806,1.00995,1.05605,1.10815,1.14504,1.13895,1.06738,0.93841,0.85122,0.93841,1.06738,1.13895,1.14504,1.10815,1.05605,1.00995,0.9806],[0.98189,1.01277,1.06042,1.11301,1.14724,1.13169,1.03674,0.85122,0.60248,0.85122,1.03674,1.13169,1.14724,1.11301,1.06042,1.01277,0.98189],[0.9806,1.00995,1.05605,1.10815,1.14504,1.13895,1.06738,0.93841,0.85122,0.93841,1.06738,1.13895,1.14504,1.10815,1.05605,1.00995,0.9806],[0.97723,1.0022,1.04361,1.09341,1.13525,1.14889,1.12169,1.06738,1.03674,1.06738,1.12169,1.14889,1.13525,1.09341,1.04361,1.0022,0.97723],[0.97308,0.99147,1.02526,1.06946,1.11301,1.14224,1.14889,1.13895,1.13169,1.13895,1.14889,1.14224,1.11301,1.06946,1.02526,0.99147,0.97308],[0.96984,0.9806,1.00467,1.0397,1.07885,1.11301,1.13525,1.14504,1.14724,1.14504,1.13525,1.11301,1.07885,1.0397,1.00467,0.9806,0.96984],[0.96905,0.97244,0.98626,1.00995,1.0397,1.06946,1.09341,1.10815,1.11301,1.10815,1.09341,1.06946,1.0397,1.00995,0.98626,0.97244,0.96905],[0.97148,0.96901,0.97377,0.98626,1.00467,1.02526,1.04361,1.05605,1.06042,1.05605,1.04361,1.02526,1.00467,0.98626,0.97377,0.96901,0.97148],[0.97696,0.97084,0.96901,0.97244,0.9806,0.99147,1.0022,1.00995,1.01277,1.00995,1.0022,0.99147,0.9806,0.97244,0.96901,0.97084,0.97696],[0.98441,0.97696,0.97148,0.96905,0.96984,0.97308,0.97723,0.9806,0.98189,0.9806,0.97723,0.97308,0.96984,0.96905,0.97148,0.97696,0.98441]],[[0.98094,0.97839,0.9792,0.98348,0.99044,0.99854,1.00596,1.01111,1.01295,1.01111,1.00596,0.99854,0.99044,0.98348,0.9792,0.97839,0.98094],[0.97839,0.97969,0.98614,0.99722,1.01111,1.02524,1.03708,1.04481,1.04748,1.04481,1.03708,1.02524,1.01111,0.99722,0.98614,0.97969,0.97839],[0.9792,0.98614,0.99991,1.01883,1.03961,1.0585,1.07266,1.081,1.08368,1.081,1.07266,1.0585,1.03961,1.01883,0.99991,0.98614,0.9792],[0.98348,0.99722,1.01883,1.04481,1.06983,1.08883,1.09955,1.10352,1.10423,1.10352,1.09955,1.08883,1.06983,1.04481,1.01883,0.99722,0.98348],[0.99044,1.01111,1.03961,1.06983,1.09358,1.10423,1.10119,1.09171,1.08676,1.09171,1.10119,1.10423,1.09358,1.06983,1.03961,1.01111,0.99044],[0.99854,1.02524,1.0585,1.08883,1.10423,1.0957,1.06473,1.02813,1.01151,1.02813,1.06473,1.0957,1.10423,1.08883,1.0585,1.02524,0.99854],[1.00596,1.03708,1.07266,1.09955,1.10119,1.06473,0.99208,0.9111,0.87354,0.9111,0.99208,1.06473,1.10119,1.09955,1.07266,1.03708,1.00596],[1.01111,1.04481,1.081,1.10352,1.09171,1.02813,0.9111,0.77148,0.69636,0.77148,0.9111,1.02813,1.09171,1.10352,1.081,1.04481,1.01111],[1.01295,1.04748,1.08368,1.10423,1.08676,1.01151,0.87354,0.69636,0.54157,0.69636,0.87354,1.01151,1.08676,1.10423,1.08368,1.04748,1.01295],[1.01111,1.04481,1.081,1.10352,1.09171,1.02813,0.9111,0.77148,0.69636,0.77148,0.9111,1.02813,1.09171,1.10352,1.081,1.04481,1.01111],[1.00596,1.03708,1.07266,1.09955,1.10119,1.06473,0.99208,0.9111,0.87354,0.9111,0.99208,1.06473,1.10119,1.09955,1.07266,1.03708,1.00596],[0.99854,1.02524,1.0585,1.08883,1.10423,1.0957,1.06473,1.02813,1.01151,1.02813,1.06473,1.0957,1.10423,1.08883,1.0585,1.02524,0.99854],[0.99044,1.01111,1.03961,1.06983,1.09358,1.10423,1.10119,1.09171,1.08676,1.09171,1.10119,1.10423,1.09358,1.06983,1.03961,1.01111,0.99044],[0.98348,0.99722,1.01883,1.04481,1.06983,1.08883,1.09955,1.10352,1.10423,1.10352,1.09955,1.08883,1.06983,1.04481,1.01883,0.99722,0.98348],[0.9792,0.98614,0.99991,1.01883,1.03961,1.0585,1.07266,1.081,1.08368,1.081,1.07266,1.0585,1.03961,1.01883,0.99991,0.98614,0.9792],[0.97839,0.97969,0.98614,0.99722,1.01111,1.02524,1.03708,1.04481,1.04748,1.04481,1.03708,1.02524,1.01111,0.99722,0.98614,0.97969,0.97839],[0.98094,0.97839,0.9792,0.98348,0.99044,0.99854,1.00596,1.01111,1.01295,1.01111,1.00596,0.99854,0.99044,0.98348,0.9792,0.97839,0.98094]],[[0.98501,0.988,0.99434,1.00325,1.01327,1.02279,1.03041,1.03525,1.0369,1.03525,1.03041,1.02279,1.01327,1.00325,0.99434,0.988,0.98501],[0.988,0.9957,1.00739,1.02134,1.03525,1.047,1.05534,1.06008,1.06158,1.06008,1.05534,1.047,1.03525,1.02134,1.00739,0.9957,0.988],[0.99434,1.00739,1.02426,1.04192,1.05695,1.06702,1.07186,1.07318,1.07327,1.07318,1.07186,1.06702,1.05695,1.04192,1.02426,1.00739,0.99434],[1.00325,1.02134,1.04192,1.06008,1.07112,1.07283,1.06713,1.05955,1.05614,1.05955,1.06713,1.07283,1.07112,1.06008,1.04192,1.02134,1.00325],[1.01327,1.03525,1.05695,1.07112,1.07143,1.05614,1.03073,1.00695,0.99724,1.00695,1.03073,1.05614,1.07143,1.07112,1.05695,1.03525,1.01327],[1.02279,1.047,1.06702,1.07283,1.05614,1.01572,0.96162,0.91423,0.89528,0.91423,0.96162,1.01572,1.05614,1.07283,1.06702,1.047,1.02279],[1.03041,1.05534,1.07186,1.06713,1.03073,0.96162,0.87451,0.79973,0.77013,0.79973,0.87451,0.96162,1.03073,1.06713,1.07186,1.05534,1.03041],[1.03525,1.06008,1.07318,1.05955,1.00695,0.91423,0.79973,0.70368,0.66857,0.70368,0.79973,0.91423,1.00695,1.05955,1.07318,1.06008,1.03525],[1.0369,1.06158,1.07327,1.05614,0.99724,0.89528,0.77013,0.66857,0.6605,0.66857,0.77013,0.89528,0.99724,1.05614,1.07327,1.06158,1.0369],[1.03525,1.06008,1.07318,1.05955,1.00695,0.91423,0.79973,0.70368,0.66857,0.70368,0.79973,0.91423,1.00695,1.05955,1.07318,1.06008,1.03525],[1.03041,1.05534,1.07186,1.06713,1.03073,0.96162,0.87451,0.79973,0.77013,0.79973,0.87451,0.96162,1.03073,1.06713,1.07186,1.05534,1.03041],[1.02279,1.047,1.06702,1.07283,1.05614,1.01572,0.96162,0.91423,0.89528,0.91423,0.96162,1.01572,1.05614,1.07283,1.06702,1.047,1.02279],[1.01327,1.03525,1.05695,1.07112,1.07143,1.05614,1.03073,1.00695,0.99724,1.00695,1.03073,1.05614,1.07143,1.07112,1.05695,1.03525,1.01327],[1.00325,1.02134,1.04192,1.06008,1.07112,1.07283,1.06713,1.05955,1.05614,1.05955,1.06713,1.07283,1.07112,1.06008,1.04192,1.02134,1.00325],[0.99434,1.00739,1.02426,1.04192,1.05695,1.06702,1.07186,1.07318,1.07327,1.07318,1.07186,1.06702,1.05695,1.04192,1.02426,1.00739,0.99434],[0.988,0.9957,1.00739,1.02134,1.03525,1.047,1.05534,1.06008,1.06158,1.06008,1.05534,1.047,1.03525,1.02134,1.00739,0.9957,0.988],[0.98501,0.988,0.99434,1.00325,1.01327,1.02279,1.03041,1.03525,1.0369,1.03525,1.03041,1.02279,1.01327,1.00325,0.99434,0.988,0.98501]],[[0.99453,1.00153,1.0106,1.02039,1.02943,1.03663,1.04152,1.04421,1.04505,1.04421,1.04152,1.03663,1.02943,1.02039,1.0106,1.00153,0.99453],[1.00153,1.01225,1.02433,1.03561,1.04421,1.04924,1.05113,1.05128,1.05112,1.05128,1.05113,1.04924,1.04421,1.03561,1.02433,1.01225,1.00153],[1.0106,1.02433,1.03763,1.04735,1.05127,1.04928,1.04359,1.03787,1.03552,1.03787,1.04359,1.04928,1.05127,1.04735,1.03763,1.02433,1.0106],[1.02039,1.03561,1.04735,1.05128,1.04508,1.03004,1.01125,0.99582,0.98989,0.99582,1.01125,1.03004,1.04508,1.05128,1.04735,1.03561,1.02039],[1.02943,1.04421,1.05127,1.04508,1.02346,0.98989,0.95339,0.92542,0.915,0.92542,0.95339,0.98989,1.02346,1.04508,1.05127,1.04421,1.02943],[1.03663,1.04924,1.04928,1.03004,0.98989,0.93528,0.88038,0.8411,0.82723,0.8411,0.88038,0.93528,0.98989,1.03004,1.04928,1.04924,1.03663],[1.04152,1.05113,1.04359,1.01125,0.95339,0.88038,0.81317,0.77281,0.76195,0.77281,0.81317,0.88038,0.95339,1.01125,1.04359,1.05113,1.04152],[1.04421,1.05128,1.03787,0.99582,0.92542,0.8411,0.77281,0.7541,0.76967,0.7541,0.77281,0.8411,0.92542,0.99582,1.03787,1.05128,1.04421],[1.04505,1.05112,1.03552,0.98989,0.915,0.82723,0.76195,0.76967,0.90122,0.76967,0.76195,0.82723,0.915,0.98989,1.03552,1.05112,1.04505],[1.04421,1.05128,1.03787,0.99582,0.92542,0.8411,0.77281,0.7541,0.76967,0.7541,0.77281,0.8411,0.92542,0.99582,1.03787,1.05128,1.04421],[1.04152,1.05113,1.04359,1.01125,0.95339,0.88038,0.81317,0.77281,0.76195,0.77281,0.81317,0.88038,0.95339,1.01125,1.04359,1.05113,1.04152],[1.03663,1.04924,1.04928,1.03004,0.98989,0.93528,0.88038,0.8411,0.82723,0.8411,0.88038,0.93528,0.98989,1.03004,1.04928,1.04924,1.03663],[1.02943,1.04421,1.05127,1.04508,1.02346,0.98989,0.95339,0.92542,0.915,0.92542,0.95339,0.98989,1.02346,1.04508,1.05127,1.04421,1.02943],[1.02039,1.03561,1.04735,1.05128,1.04508,1.03004,1.01125,0.99582,0.98989,0.99582,1.01125,1.03004,1.04508,1.05128,1.04735,1.03561,1.02039],[1.0106,1.02433,1.03763,1.04735,1.05127,1.04928,1.04359,1.03787,1.03552,1.03787,1.04359,1.04928,1.05127,1.04735,1.03763,1.02433,1.0106],[1.00153,1.01225,1.02433,1.03561,1.04421,1.04924,1.05113,1.05128,1.05112,1.05128,1.05113,1.04924,1.04421,1.03561,1.02433,1.01225,1.00153],[0.99453,1.00153,1.0106,1.02039,1.02943,1.03663,1.04152,1.04421,1.04505,1.04421,1.04152,1.03663,1.02943,1.02039,1.0106,1.00153,0.99453]],[[1.00549,1.01354,1.02167,1.02853,1.03319,1.03547,1.03594,1.03561,1.03537,1.03561,1.03594,1.03547,1.03319,1.02853,1.02167,1.01354,1.00549],[1.01354,1.02296,1.03078,1.03525,1.03561,1.03246,1.02763,1.02344,1.0218,1.02344,1.02763,1.03246,1.03561,1.03525,1.03078,1.02296,1.01354],[1.02167,1.03078,1.03566,1.03426,1.02635,1.01389,1.00058,0.99051,0.98678,0.99051,1.00058,1.01389,1.02635,1.03426,1.03566,1.03078,1.02167],[1.02853,1.03525,1.03426,1.02344,1.00358,0.97872,0.95494,0.93813,0.93211,0.93813,0.95494,0.97872,1.00358,1.02344,1.03426,1.03525,1.02853],[1.03319,1.03561,1.02635,1.00358,0.96984,0.93211,0.89928,0.87812,0.87103,0.87812,0.89928,0.93211,0.96984,1.00358,1.02635,1.03561,1.03319],[1.03547,1.03246,1.01389,0.97872,0.93211,0.88522,0.8506,0.83392,0.83009,0.83392,0.8506,0.88522,0.93211,0.97872,1.01389,1.03246,1.03547],[1.03594,1.02763,1.00058,0.95494,0.89928,0.8506,0.82767,0.83479,0.84553,0.83479,0.82767,0.8506,0.89928,0.95494,1.00058,1.02763,1.03594],[1.03561,1.02344,0.99051,0.93813,0.87812,0.83392,0.83479,0.89521,0.95198,0.89521,0.83479,0.83392,0.87812,0.93813,0.99051,1.02344,1.03561],[1.03537,1.0218,0.98678,0.93211,0.87103,0.83009,0.84553,0.95198,1.16306,0.95198,0.84553,0.83009,0.87103,0.93211,0.98678,1.0218,1.03537],[1.03561,1.02344,0.99051,0.93813,0.87812,0.83392,0.83479,0.89521,0.95198,0.89521,0.83479,0.83392,0.87812,0.93813,0.99051,1.02344,1.03561],[1.03594,1.02763,1.00058,0.95494,0.89928,0.8506,0.82767,0.83479,0.84553,0.83479,0.82767,0.8506,0.89928,0.95494,1.00058,1.02763,1.03594],[1.03547,1.03246,1.01389,0.97872,0.93211,0.88522,0.8506,0.83392,0.83009,0.83392,0.8506,0.88522,0.93211,0.97872,1.01389,1.03246,1.03547],[1.03319,1.03561,1.02635,1.00358,0.96984,0.93211,0.89928,0.87812,0.87103,0.87812,0.89928,0.93211,0.96984,1.00358,1.02635,1.03561,1.03319],[1.02853,1.03525,1.03426,1.02344,1.00358,0.97872,0.95494,0.93813,0.93211,0.93813,0.95494,0.97872,1.00358,1.02344,1.03426,1.03525,1.02853],[1.02167,1.03078,1.03566,1.03426,1.02635,1.01389,1.00058,0.99051,0.98678,0.99051,1.00058,1.01389,1.02635,1.03426,1.03566,1.03078,1.02167],[1.01354,1.02296,1.03078,1.03525,1.03561,1.03246,1.02763,1.02344,1.0218,1.02344,1.02763,1.03246,1.03561,1.03525,1.03078,1.02296,1.01354],[1.00549,1.01354,1.02167,1.02853,1.03319,1.03547,1.03594,1.03561,1.03537,1.03561,1.03594,1.03547,1.03319,1.02853,1.02167,1.01354,1.00549]],[[1.01359,1.01953,1.02367,1.02518,1.02398,1.02081,1.01699,1.01396,1.01282,1.01396,1.01699,1.02081,1.02398,1.02518,1.02367,1.01953,1.01359],[1.01953,1.02412,1.02498,1.02141,1.01396,1.00442,0.99517,0.98856,0.98617,0.98856,0.99517,1.00442,1.01396,1.02141,1.02498,1.02412,1.01953],[1.02367,1.02498,1.02016,1.00896,0.99306,0.97564,0.96034,0.95008,0.94649,0.95008,0.96034,0.97564,0.99306,1.00896,1.02016,1.02498,1.02367],[1.02518,1.02141,1.00896,0.98856,0.96359,0.93911,0.9198,0.90814,0.90435,0.90814,0.9198,0.93911,0.96359,0.98856,1.00896,1.02141,1.02518],[1.02398,1.01396,0.99306,0.96359,0.93149,0.90435,0.88751,0.88079,0.87952,0.88079,0.88751,0.90435,0.93149,0.96359,0.99306,1.01396,1.02398],[1.02081,1.00442,0.97564,0.93911,0.90435,0.88261,0.88012,0.89086,0.89784,0.89086,0.88012,0.88261,0.90435,0.93911,0.97564,1.00442,1.02081],[1.01699,0.99517,0.96034,0.9198,0.88751,0.88012,0.90717,0.95575,0.98248,0.95575,0.90717,0.88012,0.88751,0.9198,0.96034,0.99517,1.01699],[1.01396,0.98856,0.95008,0.90814,0.88079,0.89086,0.95575,1.06667,1.14002,1.06667,0.95575,0.89086,0.88079,0.90814,0.95008,0.98856,1.01396],[1.01282,0.98617,0.94649,0.90435,0.87952,0.89784,0.98248,1.14002,1.34424,1.14002,0.98248,0.89784,0.87952,0.90435,0.94649,0.98617,1.01282],[1.01396,0.98856,0.95008,0.90814,0.88079,0.89086,0.95575,1.06667,1.14002,1.06667,0.95575,0.89086,0.88079,0.90814,0.95008,0.98856,1.01396],[1.01699,0.99517,0.96034,0.9198,0.88751,0.88012,0.90717,0.95575,0.98248,0.95575,0.90717,0.88012,0.88751,0.9198,0.96034,0.99517,1.01699],[1.02081,1.00442,0.97564,0.93911,0.90435,0.88261,0.88012,0.89086,0.89784,0.89086,0.88012,0.88261,0.90435,0.93911,0.97564,1.00442,1.02081],[1.02398,1.01396,0.99306,0.96359,0.93149,0.90435,0.88751,0.88079,0.87952,0.88079,0.88751,0.90435,0.93149,0.96359,0.99306,1.01396,1.02398],[1.02518,1.02141,1.00896,0.98856,0.96359,0.93911,0.9198,0.90814,0.90435,0.90814,0.9198,0.93911,0.96359,0.98856,1.00896,1.02141,1.02518],[1.02367,1.02498,1.02016,1.00896,0.99306,0.97564,0.96034,0.95008,0.94649,0.95008,0.96034,0.97564,0.99306,1.00896,1.02016,1.02498,1.02367],[1.01953,1.02412,1.02498,1.02141,1.01396,1.00442,0.99517,0.98856,0.98617,0.98856,0.99517,1.00442,1.01396,1.02141,1.02498,1.02412,1.01953],[1.01359,1.01953,1.02367,1.02518,1.02398,1.02081,1.01699,1.01396,1.01282,1.01396,1.01699,1.02081,1.02398,1.02518,1.02367,1.01953,1.01359]],[[1.01592,1.01762,1.01646,1.01242,1.00622,0.99919,0.99285,0.98848,0.98692,0.98848,0.99285,0.99919,1.00622,1.01242,1.01646,1.01762,1.01592],[1.01762,1.01597,1.01002,1.00033,0.98848,0.97663,0.96682,0.96048,0.95831,0.96048,0.96682,0.97663,0.98848,1.00033,1.01002,1.01597,1.01762],[1.01646,1.01002,0.99802,0.98199,0.96474,0.94938,0.93809,0.93157,0.9295,0.93157,0.93809,0.94938,0.96474,0.98199,0.99802,1.01002,1.01646],[1.01242,1.00033,0.98199,0.96048,0.94033,0.92558,0.91783,0.91542,0.91516,0.91542,0.91783,0.92558,0.94033,0.96048,0.98199,1.00033,1.01242],[1.00622,0.98848,0.96474,0.94033,0.92205,0.91516,0.91965,0.92895,0.93357,0.92895,0.91965,0.91516,0.92205,0.94033,0.96474,0.98848,1.00622],[0.99919,0.97663,0.94938,0.92558,0.91516,0.92514,0.95351,0.98564,1.00002,0.98564,0.95351,0.92514,0.91516,0.92558,0.94938,0.97663,0.99919],[0.99285,0.96682,0.93809,0.91783,0.91965,0.95351,1.01671,1.08526,1.11662,1.08526,1.01671,0.95351,0.91965,0.91783,0.93809,0.96682,0.99285],[0.98848,0.96048,0.93157,0.91542,0.92895,0.98564,1.08526,1.20067,1.26135,1.20067,1.08526,0.98564,0.92895,0.91542,0.93157,0.96048,0.98848],[0.98692,0.95831,0.9295,0.91516,0.93357,1.00002,1.11662,1.26135,1.38098,1.26135,1.11662,1.00002,0.93357,0.91516,0.9295,0.95831,0.98692],[0.98848,0.96048,0.93157,0.91542,0.92895,0.98564,1.08526,1.20067,1.26135,1.20067,1.08526,0.98564,0.92895,0.91542,0.93157,0.96048,0.98848],[0.99285,0.96682,0.93809,0.91783,0.91965,0.95351,1.01671,1.08526,1.11662,1.08526,1.01671,0.95351,0.91965,0.91783,0.93809,0.96682,0.99285],[0.99919,0.97663,0.94938,0.92558,0.91516,0.92514,0.95351,0.98564,1.00002,0.98564,0.95351,0.92514,0.91516,0.92558,0.94938,0.97663,0.99919],[1.00622,0.98848,0.96474,0.94033,0.92205,0.91516,0.91965,0.92895,0.93357,0.92895,0.91965,0.91516,0.92205,0.94033,0.96474,0.98848,1.00622],[1.01242,1.00033,0.98199,0.96048,0.94033,0.92558,0.91783,0.91542,0.91516,0.91542,0.91783,0.92558,0.94033,0.96048,0.98199,1.00033,1.01242],[1.01646,1.01002,0.99802,0.98199,0.96474,0.94938,0.93809,0.93157,0.9295,0.93157,0.93809,0.94938,0.96474,0.98199,0.99802,1.01002,1.01646],[1.01762,1.01597,1.01002,1.00033,0.98848,0.97663,0.96682,0.96048,0.95831,0.96048,0.96682,0.97663,0.98848,1.00033,1.01002,1.01597,1.01762],[1.01592,1.01762,1.01646,1.01242,1.00622,0.99919,0.99285,0.98848,0.98692,0.98848,0.99285,0.99919,1.00622,1.01242,1.01646,1.01762,1.01592]]],[[[-0.01514,-0.00525,0.00694,0.01824,0.02553,0.02685,0.02198,0.01228,0,-0.01228,-0.02198,-0.02685,-0.02553,-0.01824,-0.00694,0.00525,0.01514],[-0.006,0.01081,0.02871,0.04281,0.0491,0.04605,0.0349,0.01858,0,-0.01858,-0.0349,-0.04605,-0.0491,-0.04281,-0.02871,-0.01081,0.006],[0.00925,0.03349,0.05607,0.07016,0.07137,0.06004,0.04098,0.02004,0,-0.02004,-0.04098,-0.06004,-0.07137,-0.07016,-0.05607,-0.03349,-0.00925],[0.02919,0.05993,0.08419,0.09288,0.08201,0.0563,0.02799,0.00881,0,-0.00881,-0.02799,-0.0563,-0.08201,-0.09288,-0.08419,-0.05993,-0.02919],[0.05107,0.08593,0.10705,0.10251,0.06931,0.01965,-0.02047,-0.0266,0,0.0266,0.02047,-0.01965,-0.06931,-0.10251,-0.10705,-0.08593,-0.05107],[0.0716,0.10745,0.12008,0.09383,0.0262,-0.06138,-0.12128,-0.10133,0,0.10133,0.12128,0.06138,-0.0262,-0.09383,-0.12008,-0.10745,-0.0716],[0.08792,0.12216,0.12294,0.06997,-0.04095,-0.18192,-0.28144,-0.23484,0,0.23484,0.28144,0.18192,0.04095,-0.06997,-0.12294,-0.12216,-0.08792],[0.09821,0.13004,0.12021,0.04403,-0.1064,-0.30398,-0.46968,-0.45044,0,0.45044,0.46968,0.30398,0.1064,-0.04403,-0.12021,-0.13004,-0.09821],[0.1017,0.13241,0.1183,0.03275,-0.13422,-0.3583,-0.56751,-0.64315,0,0.64315,0.56751,0.3583,0.13422,-0.03275,-0.1183,-0.13241,-0.1017],[0.09821,0.13004,0.12021,0.04403,-0.1064,-0.30398,-0.46968,-0.45044,0,0.45044,0.46968,0.30398,0.1064,-0.04403,-0.12021,-0.13004,-0.09821],[0.08792,0.12216,0.12294,0.06997,-0.04095,-0.18192,-0.28144,-0.23484,0,0.23484,0.28144,0.18192,0.04095,-0.06997,-0.12294,-0.12216,-0.08792],[0.0716,0.10745,0.12008,0.09383,0.0262,-0.06138,-0.12128,-0.10133,0,0.10133,0.12128,0.06138,-0.0262,-0.09383,-0.12008,-0.10745,-0.0716],[0.05107,0.08593,0.10705,0.10251,0.06931,0.01965,-0.02047,-0.0266,0,0.0266,0.02047,-0.01965,-0.06931,-0.10251,-0.10705,-0.08593,-0.05107],[0.02919,0.05993,0.08419,0.09288,0.08201,0.0563,0.02799,0.00881,0,-0.00881,-0.02799,-0.0563,-0.08201,-0.09288,-0.08419,-0.05993,-0.02919],[0.00925,0.03349,0.05607,0.07016,0.07137,0.06004,0.04098,0.02004,0,-0.02004,-0.04098,-0.06004,-0.07137,-0.07016,-0.05607,-0.03349,-0.00925],[-0.006,0.01081,0.02871,0.04281,0.0491,0.04605,0.0349,0.01858,0,-0.01858,-0.0349,-0.04605,-0.0491,-0.04281,-0.02871,-0.01081,0.006],[-0.01514,-0.00525,0.00694,0.01824,0.02553,0.02685,0.02198,0.01228,0,-0.01228,-0.02198,-0.02685,-0.02553,-0.01824,-0.00694,0.00525,0.01514]],[[0.00269,0.0147,0.02566,0.03278,0.03438,0.03041,0.02221,0.01158,0,-0.01158,-0.02221,-0.03041,-0.03438,-0.03278,-0.02566,-0.0147,-0.00269],[0.0168,0.03265,0.04472,0.04963,0.04632,0.03656,0.02389,0.0114,0,-0.0114,-0.02389,-0.03656,-0.04632,-0.04963,-0.04472,-0.03265,-0.0168],[0.03421,0.05218,0.06206,0.06017,0.04721,0.02865,0.01218,0.00295,0,-0.00295,-0.01218,-0.02865,-0.04721,-0.06017,-0.06206,-0.05218,-0.03421],[0.05244,0.06949,0.0722,0.05699,0.02776,-0.00365,-0.02235,-0.01953,0,0.01953,0.02235,0.00365,-0.02776,-0.05699,-0.0722,-0.06949,-0.05244],[0.06876,0.08106,0.07081,0.0347,-0.01876,-0.06841,-0.08784,-0.06145,0,0.06145,0.08784,0.06841,0.01876,-0.0347,-0.07081,-0.08106,-0.06876],[0.0811,0.08532,0.0573,-0.00608,-0.09122,-0.16535,-0.18577,-0.1248,0,0.1248,0.18577,0.16535,0.09122,0.00608,-0.0573,-0.08532,-0.0811],[0.08883,0.08362,0.03653,-0.05588,-0.17568,-0.27866,-0.30296,-0.20224,0,0.20224,0.30296,0.27866,0.17568,0.05588,-0.03653,-0.08362,-0.08883],[0.09264,0.07978,0.01772,-0.09763,-0.24581,-0.37441,-0.40448,-0.26493,0,0.26493,0.40448,0.37441,0.24581,0.09763,-0.01772,-0.07978,-0.09264],[0.09373,0.07791,0.01014,-0.11402,-0.27335,-0.41256,-0.44494,-0.27319,0,0.27319,0.44494,0.41256,0.27335,0.11402,-0.01014,-0.07791,-0.09373],[0.09264,0.07978,0.01772,-0.09763,-0.24581,-0.37441,-0.40448,-0.26493,0,0.26493,0.40448,0.37441,0.24581,0.09763,-0.01772,-0.07978,-0.09264],[0.08883,0.08362,0.03653,-0.05588,-0.17568,-0.27866,-0.30296,-0.20224,0,0.20224,0.30296,0.27866,0.17568,0.05588,-0.03653,-0.08362,-0.08883],[0.0811,0.08532,0.0573,-0.00608,-0.09122,-0.16535,-0.18577,-0.1248,0,0.1248,0.18577,0.16535,0.09122,0.00608,-0.0573,-0.08532,-0.0811],[0.06876,0.08106,0.07081,0.0347,-0.01876,-0.06841,-0.08784,-0.06145,0,0.06145,0.08784,0.06841,0.01876,-0.0347,-0.07081,-0.08106,-0.06876],[0.05244,0.06949,0.0722,0.05699,0.02776,-0.00365,-0.02235,-0.01953,0,0.01953,0.02235,0.00365,-0.02776,-0.05699,-0.0722,-0.06949,-0.05244],[0.03421,0.05218,0.06206,0.06017,0.04721,0.02865,0.01218,0.00295,0,-0.00295,-0.01218,-0.02865,-0.04721,-0.06017,-0.06206,-0.05218,-0.03421],[0.0168,0.03265,0.04472,0.04963,0.04632,0.03656,0.02389,0.0114,0,-0.0114,-0.02389,-0.03656,-0.04632,-0.04963,-0.04472,-0.03265,-0.0168],[0.00269,0.0147,0.02566,0.03278,0.03438,0.03041,0.02221,0.01158,0,-0.01158,-0.02221,-0.03041,-0.03438,-0.03278,-0.02566,-0.0147,-0.00269]],[[0.01825,0.02764,0.03325,0.03375,0.02944,0.02208,0.01391,0.0065,0,-0.0065,-0.01391,-0.02208,-0.02944,-0.03375,-0.03325,-0.02764,-0.01825],[0.03159,0.04046,0.0425,0.03697,0.02599,0.01373,0.00449,0.00035,0,-0.00035,-0.00449,-0.01373,-0.02599,-0.03697,-0.0425,-0.04046,-0.03159],[0.04433,0.04958,0.04386,0.02782,0.00664,-0.01153,-0.01929,-0.01407,0,0.01407,0.01929,0.01153,-0.00664,-0.02782,-0.04386,-0.04958,-0.04433],[0.05399,0.05176,0.03339,0.00175,-0.03335,-0.05803,-0.06063,-0.03841,0,0.03841,0.06063,0.05803,0.03335,-0.00175,-0.03339,-0.05176,-0.05399],[0.05888,0.04548,0.00996,-0.04169,-0.09353,-0.12415,-0.11688,-0.07034,0,0.07034,0.11688,0.12415,0.09353,0.04169,-0.00996,-0.04548,-0.05888],[0.05888,0.03203,-0.02306,-0.09672,-0.16554,-0.19876,-0.17463,-0.09884,0,0.09884,0.17463,0.19876,0.16554,0.09672,0.02306,-0.03203,-0.05888],[0.05565,0.01572,-0.05787,-0.15158,-0.23376,-0.26194,-0.20693,-0.09443,0,0.09443,0.20693,0.26194,0.23376,0.15158,0.05787,-0.01572,-0.05565],[0.05197,0.00245,-0.08445,-0.19205,-0.28137,-0.29652,-0.18887,0.00918,0,-0.00918,0.18887,0.29652,0.28137,0.19205,0.08445,-0.00245,-0.05197],[0.0504,-0.00265,-0.09439,-0.20692,-0.29812,-0.30502,-0.16044,0.17572,0,-0.17572,0.16044,0.30502,0.29812,0.20692,0.09439,0.00265,-0.0504],[0.05197,0.00245,-0.08445,-0.19205,-0.28137,-0.29652,-0.18887,0.00918,0,-0.00918,0.18887,0.29652,0.28137,0.19205,0.08445,-0.00245,-0.05197],[0.05565,0.01572,-0.05787,-0.15158,-0.23376,-0.26194,-0.20693,-0.09443,0,0.09443,0.20693,0.26194,0.23376,0.15158,0.05787,-0.01572,-0.05565],[0.05888,0.03203,-0.02306,-0.09672,-0.16554,-0.19876,-0.17463,-0.09884,0,0.09884,0.17463,0.19876,0.16554,0.09672,0.02306,-0.03203,-0.05888],[0.05888,0.04548,0.00996,-0.04169,-0.09353,-0.12415,-0.11688,-0.07034,0,0.07034,0.11688,0.12415,0.09353,0.04169,-0.00996,-0.04548,-0.05888],[0.05399,0.05176,0.03339,0.00175,-0.03335,-0.05803,-0.06063,-0.03841,0,0.03841,0.06063,0.05803,0.03335,-0.00175,-0.03339,-0.05176,-0.05399],[0.04433,0.04958,0.04386,0.02782,0.00664,-0.01153,-0.01929,-0.01407,0,0.01407,0.01929,0.01153,-0.00664,-0.02782,-0.04386,-0.04958,-0.04433],[0.03159,0.04046,0.0425,0.03697,0.02599,0.01373,0.00449,0.00035,0,-0.00035,-0.00449,-0.01373,-0.02599,-0.03697,-0.0425,-0.04046,-0.03159],[0.01825,0.02764,0.03325,0.03375,0.02944,0.02208,0.01391,0.0065,0,-0.0065,-0.01391,-0.02208,-0.02944,-0.03375,-0.03325,-0.02764,-0.01825]],[[0.02574,0.02909,0.02757,0.02172,0.01357,0.00587,0.00086,-0.00072,0,0.00072,-0.00086,-0.00587,-0.01357,-0.02172,-0.02757,-0.02909,-0.02574],[0.03325,0.03223,0.02415,0.01103,-0.00289,-0.01278,-0.01528,-0.01006,0,0.01006,0.01528,0.01278,0.00289,-0.01103,-0.02415,-0.03223,-0.03325],[0.03676,0.02817,0.01012,-0.01294,-0.03365,-0.04451,-0.04118,-0.02453,0,0.02453,0.04118,0.04451,0.03365,0.01294,-0.01012,-0.02817,-0.03676],[0.03475,0.01544,-0.01552,-0.05032,-0.07744,-0.08641,-0.07303,-0.04127,0,0.04127,0.07303,0.08641,0.07744,0.05032,0.01552,-0.01544,-0.03475],[0.02713,-0.00506,-0.05048,-0.0968,-0.12727,-0.12846,-0.09913,-0.05167,0,0.05167,0.09913,0.12846,0.12727,0.0968,0.05048,0.00506,-0.02713],[0.01564,-0.02982,-0.08901,-0.14402,-0.17128,-0.15371,-0.09736,-0.03682,0,0.03682,0.09736,0.15371,0.17128,0.14402,0.08901,0.02982,-0.01564],[0.00346,-0.05348,-0.12355,-0.18257,-0.19826,-0.14604,-0.03831,0.04206,0,-0.04206,0.03831,0.14604,0.19826,0.18257,0.12355,0.05348,-0.00346],[-0.00578,-0.07044,-0.14717,-0.20634,-0.20668,-0.11045,0.08412,0.26073,0,-0.26073,-0.08412,0.11045,0.20668,0.20634,0.14717,0.07044,0.00578],[-0.00922,-0.0766,-0.1555,-0.2141,-0.20696,-0.08811,0.16575,0.52613,0,-0.52613,-0.16575,0.08811,0.20696,0.2141,0.1555,0.0766,0.00922],[-0.00578,-0.07044,-0.14717,-0.20634,-0.20668,-0.11045,0.08412,0.26073,0,-0.26073,-0.08412,0.11045,0.20668,0.20634,0.14717,0.07044,0.00578],[0.00346,-0.05348,-0.12355,-0.18257,-0.19826,-0.14604,-0.03831,0.04206,0,-0.04206,0.03831,0.14604,0.19826,0.18257,0.12355,0.05348,-0.00346],[0.01564,-0.02982,-0.08901,-0.14402,-0.17128,-0.15371,-0.09736,-0.03682,0,0.03682,0.09736,0.15371,0.17128,0.14402,0.08901,0.02982,-0.01564],[0.02713,-0.00506,-0.05048,-0.0968,-0.12727,-0.12846,-0.09913,-0.05167,0,0.05167,0.09913,0.12846,0.12727,0.0968,0.05048,0.00506,-0.02713],[0.03475,0.01544,-0.01552,-0.05032,-0.07744,-0.08641,-0.07303,-0.04127,0,0.04127,0.07303,0.08641,0.07744,0.05032,0.01552,-0.01544,-0.03475],[0.03676,0.02817,0.01012,-0.01294,-0.03365,-0.04451,-0.04118,-0.02453,0,0.02453,0.04118,0.04451,0.03365,0.01294,-0.01012,-0.02817,-0.03676],[0.03325,0.03223,0.02415,0.01103,-0.00289,-0.01278,-0.01528,-0.01006,0,0.01006,0.01528,0.01278,0.00289,-0.01103,-0.02415,-0.03223,-0.03325],[0.02574,0.02909,0.02757,0.02172,0.01357,0.00587,0.00086,-0.00072,0,0.00072,-0.00086,-0.00587,-0.01357,-0.02172,-0.02757,-0.02909,-0.02574]],[[0.02285,0.0193,0.01173,0.00221,-0.0064,-0.01147,-0.01161,-0.00716,0,0.00716,0.01161,0.01147,0.0064,-0.00221,-0.01173,-0.0193,-0.02285],[0.02205,0.01223,-0.00218,-0.01734,-0.02865,-0.03255,-0.02782,-0.0159,0,0.0159,0.02782,0.03255,0.02865,0.01734,0.00218,-0.01223,-0.02205],[0.01564,-0.00254,-0.02515,-0.04591,-0.05825,-0.05814,-0.04578,-0.02486,0,0.02486,0.04578,0.05814,0.05825,0.04591,0.02515,0.00254,-0.01564],[0.00353,-0.02427,-0.05509,-0.07949,-0.0888,-0.07972,-0.05659,-0.02812,0,0.02812,0.05659,0.07972,0.0888,0.07949,0.05509,0.02427,-0.00353],[-0.0128,-0.05014,-0.08738,-0.111,-0.10992,-0.08326,-0.04464,-0.0145,0,0.0145,0.04464,0.08326,0.10992,0.111,0.08738,0.05014,0.0128],[-0.03058,-0.07595,-0.11628,-0.13286,-0.11101,-0.05291,0.01183,0.035,0,-0.035,-0.01183,0.05291,0.11101,0.13286,0.11628,0.07595,0.03058],[-0.04643,-0.09738,-0.13734,-0.14147,-0.08928,0.01775,0.13328,0.15296,0,-0.15296,-0.13328,-0.01775,0.08928,0.14147,0.13734,0.09738,0.04643],[-0.05731,-0.11129,-0.14915,-0.1406,-0.05801,0.105,0.30592,0.39493,0,-0.39493,-0.30592,-0.105,0.05801,0.1406,0.14915,0.11129,0.05731],[-0.06116,-0.11607,-0.1528,-0.13877,-0.04286,0.14749,0.40579,0.65066,0,-0.65066,-0.40579,-0.14749,0.04286,0.13877,0.1528,0.11607,0.06116],[-0.05731,-0.11129,-0.14915,-0.1406,-0.05801,0.105,0.30592,0.39493,0,-0.39493,-0.30592,-0.105,0.05801,0.1406,0.14915,0.11129,0.05731],[-0.04643,-0.09738,-0.13734,-0.14147,-0.08928,0.01775,0.13328,0.15296,0,-0.15296,-0.13328,-0.01775,0.08928,0.14147,0.13734,0.09738,0.04643],[-0.03058,-0.07595,-0.11628,-0.13286,-0.11101,-0.05291,0.01183,0.035,0,-0.035,-0.01183,0.05291,0.11101,0.13286,0.11628,0.07595,0.03058],[-0.0128,-0.05014,-0.08738,-0.111,-0.10992,-0.08326,-0.04464,-0.0145,0,0.0145,0.04464,0.08326,0.10992,0.111,0.08738,0.05014,0.0128],[0.00353,-0.02427,-0.05509,-0.07949,-0.0888,-0.07972,-0.05659,-0.02812,0,0.02812,0.05659,0.07972,0.0888,0.07949,0.05509,0.02427,-0.00353],[0.01564,-0.00254,-0.02515,-0.04591,-0.05825,-0.05814,-0.04578,-0.02486,0,0.02486,0.04578,0.05814,0.05825,0.04591,0.02515,0.00254,-0.01564],[0.02205,0.01223,-0.00218,-0.01734,-0.02865,-0.03255,-0.02782,-0.0159,0,0.0159,0.02782,0.03255,0.02865,0.01734,0.00218,-0.01223,-0.02205],[0.02285,0.0193,0.01173,0.00221,-0.0064,-0.01147,-0.01161,-0.00716,0,0.00716,0.01161,0.01147,0.0064,-0.00221,-0.01173,-0.0193,-0.02285]],[[0.01141,0.00279,-0.0075,-0.01679,-0.02253,-0.0232,-0.01877,-0.01041,0,0.01041,0.01877,0.0232,0.02253,0.01679,0.0075,-0.00279,-0.01141],[0.00319,-0.01107,-0.02584,-0.03709,-0.04165,-0.03848,-0.02884,-0.01524,0,0.01524,0.02884,0.03848,0.04165,0.03709,0.02584,0.01107,-0.00319],[-0.01,-0.03015,-0.04834,-0.059,-0.05883,-0.04856,-0.03252,-0.01564,0,0.01564,0.03252,0.04856,0.05883,0.059,0.04834,0.03015,0.01],[-0.02687,-0.05193,-0.0708,-0.07619,-0.06536,-0.04295,-0.01961,-0.00511,0,0.00511,0.01961,0.04295,0.06536,0.07619,0.0708,0.05193,0.02687],[-0.04506,-0.07289,-0.08825,-0.0817,-0.05166,-0.00931,0.02317,0.02564,0,-0.02564,-0.02317,0.00931,0.05166,0.0817,0.08825,0.07289,0.04506],[-0.06188,-0.08978,-0.09711,-0.07158,-0.01241,0.06116,0.10891,0.08842,0,-0.08842,-0.10891,-0.06116,0.01241,0.07158,0.09711,0.08978,0.06188],[-0.07507,-0.10094,-0.09756,-0.04904,0.04633,0.16336,0.24189,0.19756,0,-0.19756,-0.24189,-0.16336,-0.04633,0.04904,0.09756,0.10094,0.07507],[-0.0833,-0.10667,-0.09387,-0.02556,0.10255,0.26526,0.39512,0.36852,0,-0.36852,-0.39512,-0.26526,-0.10